Axis	Dose
-114.5	0.8
-114.0	0.5
-113.3	0.5
-112.6	0.5
-112.1	0.6
-111.7	0.6
-111.2	0.5
-110.8	0.5
-110.3	0.6
-109.8	0.6
-109.3	0.6
-108.8	0.6
-108.3	0.6
-107.8	0.5
-107.2	0.5
-106.7	0.6
-106.2	0.5
-105.8	0.7
-105.2	0.6
-104.7	0.5
-104.2	0.6
-103.7	0.6
-103.2	0.6
-102.7	0.6
-102.2	0.7
-101.7	0.5
-101.2	0.7
-100.7	0.6
-100.2	0.5
-99.7	0.6
-99.2	0.6
-98.7	0.6
-98.2	0.5
-97.7	0.7
-97.2	0.6
-96.7	0.6
-96.2	0.6
-95.7	0.6
-95.2	0.6
-94.7	0.6
-94.2	0.6
-93.7	0.6
-93.2	0.7
-92.7	0.6
-92.1	0.5
-91.6	0.6
-91.1	0.6
-90.6	0.7
-90.2	0.6
-89.6	0.6
-89.1	0.6
-88.6	0.7
-88.1	0.7
-87.6	0.5
-87.1	0.7
-86.6	0.6
-86.1	0.7
-85.6	0.7
-85.1	0.6
-84.6	0.6
-84.1	0.7
-83.6	0.7
-83.1	0.7
-82.6	0.7
-82.1	0.7
-81.6	0.7
-81.1	0.7
-80.6	0.6
-80.1	0.8
-79.6	0.7
-79.1	0.8
-78.6	0.7
-78.1	0.6
-77.6	0.8
-77.1	0.7
-76.6	0.8
-76.1	0.7
-75.6	0.8
-75.1	0.7
-74.6	0.8
-74.1	0.8
-73.6	0.8
-73.1	0.7
-72.6	0.8
-72.0	0.8
-71.5	0.7
-71.0	0.9
-70.5	0.7
-70.0	0.8
-69.5	0.8
-69.0	0.9
-68.5	0.8
-68.0	0.8
-67.5	0.9
-67.0	0.8
-66.5	0.9
-66.0	0.9
-65.5	0.9
-65.0	0.9
-64.5	0.9
-64.0	0.9
-63.5	1.0
-62.9	0.9
-62.4	1.0
-61.9	1.0
-61.4	1.0
-60.9	1.0
-60.4	1.0
-59.9	1.0
-59.4	1.0
-58.9	1.0
-58.4	1.1
-57.9	1.1
-57.4	1.0
-56.9	1.1
-56.4	1.1
-55.9	1.1
-55.4	1.1
-54.9	1.2
-54.4	1.2
-53.9	1.2
-53.4	1.2
-52.9	1.2
-52.4	1.3
-51.9	1.3
-51.4	1.3
-50.9	1.3
-50.4	1.3
-49.9	1.4
-49.4	1.4
-48.9	1.4
-48.4	1.5
-47.9	1.5
-47.3	1.5
-46.8	1.5
-46.3	1.6
-45.8	1.6
-45.3	1.6
-44.8	1.7
-44.3	1.7
-43.8	1.7
-43.3	1.8
-42.8	1.9
-42.3	1.8
-41.8	1.9
-41.3	2.0
-40.8	2.0
-40.3	2.0
-39.8	2.1
-39.3	2.2
-38.8	2.3
-38.2	2.3
-37.7	2.5
-37.2	2.4
-36.7	2.6
-36.2	2.6
-35.7	2.8
-35.2	2.9
-34.7	2.9
-34.2	3.0
-33.7	3.2
-33.2	3.3
-32.7	3.5
-32.2	3.7
-31.7	3.9
-31.2	4.2
-30.7	4.4
-30.2	4.8
-29.7	5.4
-29.2	5.9
-28.7	6.6
-28.2	7.5
-27.7	8.8
-27.2	10.4
-26.7	12.4
-26.2	15.7
-25.7	20.2
-25.2	26.2
-24.7	33.5
-24.2	41.7
-23.7	50.1
-23.2	59.4
-22.7	68.2
-22.2	76.2
-21.7	83.3
-21.2	89.4
-20.7	93.7
-20.2	97.0
-19.7	99.0
-19.2	100.8
-18.7	101.8
-18.2	103.3
-17.7	103.8
-17.2	104.4
-16.7	104.7
-16.2	105.0
-15.7	105.3
-15.1	105.7
-14.6	105.6
-14.2	105.8
-13.6	106.2
-13.1	106.2
-12.6	105.9
-12.2	106.3
-11.6	106.2
-11.1	106.4
-10.6	106.4
-10.1	106.5
-9.6	106.7
-9.1	106.9
-8.6	106.4
-8.1	106.7
-7.6	106.3
-7.1	106.8
-6.6	106.8
-6.1	106.6
-5.6	106.8
-5.1	106.5
-4.6	106.7
-4.1	106.8
-3.6	106.4
-3.1	106.7
-2.6	106.6
-2.1	106.5
-1.6	106.4
-1.1	106.5
-0.6	106.9
-0.1	106.5
0.4	106.8
0.9	106.6
1.4	106.3
1.9	106.5
2.4	106.6
2.9	106.9
3.5	106.7
3.9	106.9
4.4	106.7
4.9	106.7
5.4	106.8
5.9	106.6
6.4	106.5
6.9	106.4
7.5	106.3
7.9	106.9
8.4	106.7
8.9	106.7
9.5	106.7
10.0	106.7
10.5	106.6
11.0	106.6
11.5	106.3
12.0	106.6
12.5	106.3
13.0	106.2
13.5	106.3
14.0	106.3
14.5	105.8
15.0	105.8
15.5	105.6
16.0	105.2
16.5	104.6
17.0	104.5
17.5	103.6
18.0	102.7
18.5	101.9
19.0	100.5
19.5	99.1
20.0	95.8
20.5	92.2
21.0	86.9
21.6	79.9
22.1	71.8
22.6	63.4
23.1	54.1
23.6	45.4
24.1	36.9
24.6	29.1
25.1	22.4
25.6	17.3
26.1	13.8
26.6	11.4
27.1	9.4
27.6	8.1
28.1	7.0
28.6	6.2
29.1	5.5
29.6	5.0
30.1	4.6
30.6	4.2
31.1	4.0
31.6	3.7
32.1	3.5
32.6	3.3
33.1	3.2
33.6	3.0
34.1	2.8
34.6	2.8
35.1	2.6
35.6	2.6
36.1	2.4
36.6	2.4
37.1	2.4
37.6	2.3
38.1	2.2
38.6	2.1
39.1	2.1
39.6	2.1
40.1	2.0
40.6	1.9
41.1	1.9
41.6	1.8
42.2	1.8
42.7	1.8
43.2	1.7
43.7	1.7
44.2	1.8
44.7	1.5
45.2	1.7
45.7	1.5
46.2	1.6
46.7	1.5
47.2	1.5
47.7	1.4
48.2	1.4
48.7	1.4
49.2	1.3
49.7	1.3
50.2	1.4
50.7	1.3
51.2	1.3
51.7	1.2
52.2	1.3
52.7	1.2
53.3	1.2
53.7	1.3
54.3	1.2
54.7	1.1
55.3	1.2
55.8	1.1
56.3	1.1
56.8	1.2
57.3	1.0
57.8	1.1
58.3	1.0
58.8	1.1
59.3	0.9
59.8	1.0
60.3	1.0
60.8	0.9
61.3	1.0
61.8	1.0
62.3	0.9
62.8	0.9
63.3	0.9
63.8	1.0
64.3	0.9
64.8	1.0
65.3	0.8
65.8	0.9
66.3	0.8
66.8	0.9
67.3	0.8
67.8	0.8
68.3	0.8
68.8	0.9
69.3	0.8
69.8	0.8
70.4	0.7
70.8	0.8
71.4	0.8
71.9	0.8
72.4	0.8
72.9	0.7
73.4	0.7
73.9	0.8
74.4	0.7
74.9	0.8
75.4	0.8
75.9	0.7
76.4	0.8
76.9	0.6
77.4	0.8
77.9	0.7
78.4	0.7
78.9	0.7
79.4	0.7
79.9	0.7
80.4	0.7
80.9	0.7
81.4	0.6
81.9	0.7
82.4	0.8
82.9	0.6
83.4	0.6
83.9	0.7
84.4	0.6
85.0	0.6
85.5	0.7
86.0	0.6
86.5	0.7
87.0	0.6
87.5	0.7
88.0	0.6
88.5	0.6
89.0	0.7
89.5	0.6
90.0	0.7
90.5	0.7
91.0	0.6
91.5	0.6
92.0	0.7
92.5	0.6
93.0	0.6
93.5	0.6
94.0	0.5
94.5	0.6
95.0	0.6
95.5	0.6
96.0	0.7
96.5	0.6
97.0	0.6
97.5	0.6
98.0	0.5
98.5	0.7
99.0	0.6
99.5	0.6
100.0	0.6
100.5	0.5
101.0	0.6
101.5	0.6
102.0	0.5
102.5	0.7
103.0	0.6
103.5	0.6
104.0	0.6
104.5	0.6
105.0	0.5
105.6	0.6
106.1	0.5
106.6	0.6
107.1	0.5
107.6	0.6
108.1	0.6
108.6	0.6
109.1	0.6
109.6	0.6
110.1	0.6
110.6	0.6
111.1	0.6
111.6	0.5
112.1	0.6
112.6	0.6
113.1	0.5
113.6	0.6
114.5	0.6
