Axis	Dose
114.5	0.7
114.0	0.6
113.2	0.6
112.6	0.6
112.1	0.7
111.6	0.6
111.2	0.6
110.7	0.7
110.3	0.6
109.7	0.7
109.2	0.7
108.7	0.6
108.2	0.5
107.7	0.7
107.2	0.6
106.7	0.7
106.2	0.7
105.7	0.7
105.2	0.7
104.7	0.6
104.2	0.7
103.7	0.7
103.2	0.6
102.7	0.7
102.2	0.7
101.7	0.7
101.2	0.6
100.7	0.7
100.2	0.7
99.6	0.7
99.1	0.7
98.6	0.7
98.1	0.7
97.6	0.7
97.1	0.7
96.6	0.8
96.1	0.7
95.6	0.7
95.1	0.7
94.6	0.8
94.1	0.7
93.6	0.8
93.1	0.7
92.6	0.8
92.1	0.8
91.6	0.7
91.1	0.8
90.6	0.8
90.1	0.8
89.5	0.7
89.0	0.8
88.6	0.8
88.1	0.8
87.5	0.8
87.0	0.8
86.5	0.8
86.0	0.7
85.5	0.9
85.0	0.8
84.5	0.9
84.0	0.8
83.5	0.9
83.0	0.8
82.5	0.9
82.0	0.9
81.5	0.9
81.0	0.9
80.5	0.9
80.0	0.9
79.5	1.0
79.0	0.9
78.5	1.0
77.9	0.9
77.4	0.9
76.9	1.0
76.4	0.9
75.9	1.0
75.4	1.0
74.9	0.9
74.4	1.0
73.9	1.1
73.4	1.0
72.9	1.0
72.4	1.1
71.9	1.0
71.4	1.1
70.9	1.0
70.4	1.2
69.9	1.0
69.3	1.1
68.8	1.1
68.3	1.2
67.8	1.1
67.3	1.2
66.8	1.2
66.3	1.2
65.8	1.2
65.3	1.3
64.8	1.2
64.3	1.2
63.8	1.3
63.3	1.3
62.7	1.3
62.2	1.4
61.8	1.3
61.3	1.4
60.8	1.4
60.2	1.4
59.7	1.4
59.2	1.4
58.8	1.6
58.2	1.4
57.7	1.6
57.2	1.5
56.7	1.5
56.2	1.6
55.7	1.6
55.2	1.7
54.7	1.7
54.2	1.7
53.7	1.7
53.2	1.7
52.7	1.8
52.2	1.8
51.7	1.9
51.2	1.9
50.7	1.9
50.2	1.9
49.7	1.9
49.2	1.9
48.7	2.1
48.2	2.0
47.7	2.1
47.2	2.1
46.7	2.1
46.2	2.3
45.7	2.2
45.2	2.3
44.7	2.3
44.2	2.4
43.7	2.4
43.2	2.5
42.7	2.7
42.2	2.5
41.7	2.6
41.2	2.7
40.7	2.7
40.1	2.9
39.7	2.9
39.1	2.9
38.6	3.0
38.1	2.9
37.6	3.1
37.1	3.2
36.6	3.1
36.1	3.4
35.6	3.4
35.1	3.4
34.6	3.6
34.1	3.6
33.6	3.8
33.1	4.0
32.6	4.1
32.1	4.4
31.6	4.6
31.0	5.0
30.6	5.2
30.0	5.8
29.5	6.3
29.0	7.1
28.5	8.0
28.0	9.3
27.5	11.0
27.0	13.0
26.5	16.1
26.0	20.1
25.5	25.1
25.0	31.1
24.5	38.0
24.0	45.8
23.5	54.6
23.0	63.3
22.5	71.4
22.0	78.3
21.5	84.8
21.0	90.3
20.4	94.7
19.9	97.6
19.4	100.2
18.9	101.3
18.4	102.9
17.9	103.8
17.4	104.3
16.9	105.1
16.4	105.0
15.9	105.3
15.4	105.8
14.9	106.2
14.4	106.2
13.9	106.5
13.4	106.6
12.9	106.6
12.4	106.5
11.9	106.8
11.4	106.6
10.8	106.9
10.3	106.8
9.8	106.9
9.3	106.9
8.8	106.7
8.3	106.8
7.8	106.9
7.3	106.9
6.8	106.8
6.3	106.6
5.8	106.9
5.3	106.8
4.8	106.7
4.3	106.8
3.8	106.9
3.3	106.7
2.8	106.8
2.3	107.0
1.8	106.7
1.3	106.9
0.8	106.7
0.3	106.7
-0.2	106.7
-0.7	106.9
-1.2	106.8
-1.8	106.8
-2.3	106.7
-2.8	107.0
-3.3	107.0
-3.8	106.6
-4.3	106.8
-4.8	106.9
-5.3	106.6
-5.8	106.8
-6.3	107.1
-6.8	106.7
-7.3	107.0
-7.8	106.8
-8.3	107.0
-8.9	106.8
-9.4	106.8
-9.8	107.2
-10.3	106.7
-10.8	107.0
-11.3	106.7
-11.9	106.7
-12.4	106.8
-12.8	106.6
-13.3	106.6
-13.8	106.0
-14.4	105.9
-14.9	105.8
-15.4	105.2
-15.9	105.0
-16.4	104.7
-16.9	103.9
-17.4	102.7
-17.9	101.3
-18.4	99.7
-18.9	97.7
-19.4	95.3
-19.9	91.7
-20.4	86.7
-20.9	80.4
-21.4	73.2
-21.9	65.7
-22.4	57.9
-22.9	49.6
-23.4	41.8
-23.9	33.9
-24.5	27.1
-25.0	21.7
-25.4	17.4
-26.0	14.3
-26.5	11.5
-27.0	9.8
-27.5	8.4
-28.0	7.6
-28.5	6.8
-29.0	6.2
-29.5	5.7
-30.0	5.3
-30.5	4.9
-31.0	4.6
-31.5	4.4
-32.0	4.2
-32.5	4.0
-33.0	3.9
-33.5	3.8
-34.0	3.7
-34.5	3.5
-35.0	3.5
-35.5	3.4
-36.1	3.3
-36.6	3.2
-37.1	3.2
-37.6	3.1
-38.1	3.0
-38.6	3.0
-39.1	2.9
-39.6	2.8
-40.1	2.7
-40.6	2.8
-41.1	2.7
-41.6	2.5
-42.1	2.6
-42.6	2.6
-43.1	2.4
-43.6	2.4
-44.1	2.4
-44.6	2.3
-45.1	2.3
-45.6	2.4
-46.1	2.2
-46.6	2.2
-47.1	2.2
-47.6	2.0
-48.1	2.1
-48.6	2.0
-49.1	2.0
-49.6	2.0
-50.1	1.9
-50.7	1.9
-51.2	1.9
-51.7	1.8
-52.2	1.8
-52.6	1.8
-53.1	1.7
-53.7	1.7
-54.2	1.7
-54.7	1.7
-55.2	1.7
-55.7	1.6
-56.2	1.6
-56.7	1.6
-57.2	1.5
-57.7	1.5
-58.2	1.5
-58.7	1.5
-59.2	1.4
-59.7	1.4
-60.2	1.4
-60.7	1.3
-61.2	1.4
-61.7	1.4
-62.2	1.4
-62.7	1.2
-63.2	1.3
-63.7	1.3
-64.2	1.3
-64.7	1.3
-65.2	1.2
-65.7	1.3
-66.3	1.2
-66.8	1.2
-67.3	1.2
-67.7	1.2
-68.2	1.1
-68.8	1.2
-69.3	1.1
-69.8	1.1
-70.3	1.1
-70.8	1.0
-71.3	1.1
-71.8	1.0
-72.3	1.0
-72.8	1.1
-73.3	1.0
-73.8	1.1
-74.3	0.9
-74.8	1.0
-75.3	1.0
-75.8	1.0
-76.3	1.0
-76.9	0.8
-77.4	1.0
-77.9	0.9
-78.4	1.0
-78.9	0.9
-79.4	0.9
-79.9	0.9
-80.4	0.8
-80.9	0.9
-81.4	0.9
-81.9	0.9
-82.4	0.8
-82.9	0.9
-83.4	0.9
-83.9	0.8
-84.4	0.9
-84.9	0.8
-85.4	0.8
-85.9	0.8
-86.4	0.7
-86.9	0.9
-87.4	0.7
-87.9	0.8
-88.4	0.8
-88.9	0.8
-89.4	0.7
-89.9	0.8
-90.5	0.7
-90.9	0.8
-91.5	0.7
-92.0	0.8
-92.5	0.8
-93.0	0.7
-93.5	0.7
-94.0	0.7
-94.5	0.8
-95.0	0.7
-95.5	0.7
-96.0	0.8
-96.5	0.7
-97.0	0.7
-97.5	0.6
-98.0	0.7
-98.5	0.7
-99.0	0.7
-99.5	0.7
-100.0	0.7
-100.5	0.6
-101.0	0.7
-101.5	0.6
-102.1	0.7
-102.6	0.7
-103.1	0.7
-103.6	0.7
-104.1	0.6
-104.6	0.6
-105.1	0.7
-105.6	0.7
-106.1	0.6
-106.6	0.7
-107.1	0.7
-107.6	0.6
-108.1	0.7
-108.6	0.6
-109.1	0.7
-109.6	0.7
-110.1	0.6
-110.6	0.7
-111.2	0.6
-111.6	0.7
-112.1	0.6
-112.6	0.6
-113.2	0.6
-113.7	0.6
-114.5	0.6
