Axis	Dose
-63.5	1.2
-63.3	1.2
-63.1	1.2
-62.9	1.2
-62.7	1.3
-62.5	1.3
-62.3	1.3
-62.1	1.4
-61.9	1.4
-61.7	1.4
-61.5	1.5
-61.3	1.5
-61.1	1.5
-60.9	1.6
-60.7	1.6
-60.5	1.6
-60.3	1.6
-60.1	1.7
-59.9	1.7
-59.7	1.7
-59.5	1.8
-59.3	1.8
-59.1	1.8
-58.9	1.9
-58.7	1.9
-58.5	2.0
-58.3	2.0
-58.1	2.1
-57.9	2.2
-57.7	2.3
-57.5	2.3
-57.3	2.4
-57.1	2.5
-56.9	2.6
-56.7	2.6
-56.5	2.7
-56.3	2.8
-56.1	2.9
-55.9	3.0
-55.7	3.0
-55.5	3.1
-55.3	3.2
-55.1	3.3
-54.9	3.3
-54.7	3.4
-54.5	3.5
-54.3	3.7
-54.1	3.8
-53.9	3.9
-53.7	4.0
-53.5	4.2
-53.3	4.3
-53.1	4.5
-52.9	4.6
-52.7	4.7
-52.5	4.9
-52.3	5.0
-52.1	5.2
-51.9	5.3
-51.7	5.5
-51.5	5.7
-51.3	5.8
-51.1	6.0
-50.9	6.1
-50.7	6.2
-50.5	6.4
-50.3	6.6
-50.1	6.8
-49.9	7.0
-49.7	7.2
-49.5	7.5
-49.3	7.7
-49.1	8.0
-48.9	8.2
-48.7	8.4
-48.5	8.7
-48.3	8.9
-48.1	9.2
-47.9	9.4
-47.7	9.7
-47.5	10.0
-47.3	10.3
-47.1	10.6
-46.9	10.8
-46.7	11.1
-46.5	11.4
-46.3	11.7
-46.1	12.0
-45.9	12.3
-45.7	12.6
-45.5	12.9
-45.3	13.2
-45.1	13.6
-44.9	14.0
-44.7	14.3
-44.5	14.7
-44.3	15.1
-44.1	15.5
-43.9	15.9
-43.7	16.2
-43.5	16.6
-43.3	17.0
-43.1	17.4
-42.9	17.8
-42.7	18.2
-42.5	18.6
-42.3	19.0
-42.1	19.4
-41.9	19.9
-41.7	20.3
-41.5	20.7
-41.3	21.2
-41.1	21.6
-40.9	22.1
-40.7	22.6
-40.5	23.0
-40.3	23.5
-40.1	24.0
-39.9	24.5
-39.7	25.0
-39.5	25.5
-39.3	26.1
-39.1	26.6
-38.9	27.2
-38.7	27.7
-38.5	28.2
-38.3	28.8
-38.1	29.3
-37.9	29.8
-37.7	30.4
-37.5	30.9
-37.3	31.5
-37.1	32.0
-36.9	32.6
-36.7	33.1
-36.5	33.7
-36.3	34.2
-36.1	34.8
-35.9	35.4
-35.7	35.9
-35.5	36.5
-35.3	37.1
-35.1	37.8
-34.9	38.5
-34.7	39.1
-34.5	39.7
-34.3	40.4
-34.1	41.0
-33.9	41.6
-33.7	42.3
-33.5	42.9
-33.3	43.6
-33.1	44.3
-32.9	44.9
-32.7	45.6
-32.5	46.3
-32.3	47.0
-32.1	47.6
-31.9	48.3
-31.7	49.0
-31.5	49.7
-31.3	50.4
-31.1	51.0
-30.9	51.7
-30.7	52.4
-30.5	53.1
-30.3	53.8
-30.1	54.4
-29.9	55.0
-29.7	55.7
-29.5	56.3
-29.3	57.0
-29.1	57.7
-28.9	58.4
-28.7	59.1
-28.5	59.7
-28.3	60.4
-28.1	61.1
-27.9	61.8
-27.7	62.4
-27.5	63.1
-27.3	63.7
-27.1	64.3
-26.9	64.8
-26.7	65.4
-26.5	66.0
-26.3	66.5
-26.1	67.1
-25.9	67.7
-25.7	68.3
-25.5	68.9
-25.3	69.5
-25.1	70.2
-24.9	70.8
-24.7	71.4
-24.5	72.0
-24.3	72.5
-24.1	73.1
-23.9	73.6
-23.7	74.2
-23.5	74.7
-23.3	75.3
-23.1	75.8
-22.9	76.3
-22.7	76.8
-22.5	77.3
-22.3	77.8
-22.1	78.2
-21.9	78.7
-21.7	79.1
-21.5	79.6
-21.3	80.0
-21.1	80.4
-20.9	80.9
-20.7	81.3
-20.5	81.7
-20.3	82.2
-20.1	82.6
-19.9	83.0
-19.7	83.4
-19.5	83.8
-19.3	84.3
-19.1	84.7
-18.9	85.1
-18.7	85.5
-18.5	85.9
-18.3	86.4
-18.1	86.7
-17.9	87.0
-17.7	87.3
-17.5	87.6
-17.3	87.9
-17.1	88.2
-16.9	88.5
-16.7	88.8
-16.5	89.1
-16.3	89.4
-16.1	89.7
-15.9	90.0
-15.7	90.3
-15.5	90.6
-15.3	90.9
-15.1	91.3
-14.9	91.6
-14.7	92.0
-14.5	92.3
-14.3	92.6
-14.1	92.9
-13.9	93.1
-13.7	93.4
-13.5	93.5
-13.3	93.7
-13.1	93.9
-12.9	94.0
-12.7	94.2
-12.5	94.4
-12.3	94.6
-12.1	94.8
-11.9	95.0
-11.7	95.1
-11.5	95.3
-11.3	95.5
-11.1	95.7
-10.9	95.8
-10.7	96.0
-10.5	96.2
-10.3	96.3
-10.1	96.5
-9.9	96.7
-9.7	96.9
-9.5	97.1
-9.3	97.2
-9.1	97.4
-8.9	97.5
-8.7	97.7
-8.5	97.8
-8.3	97.9
-8.1	98.0
-7.9	98.1
-7.7	98.2
-7.5	98.2
-7.3	98.3
-7.1	98.3
-6.9	98.4
-6.7	98.4
-6.5	98.5
-6.3	98.6
-6.1	98.7
-5.9	98.7
-5.7	98.9
-5.5	99.0
-5.3	99.1
-5.1	99.2
-4.9	99.3
-4.7	99.3
-4.5	99.4
-4.3	99.5
-4.1	99.5
-3.9	99.6
-3.7	99.7
-3.5	99.8
-3.3	99.9
-3.1	99.9
-2.9	99.9
-2.7	99.9
-2.5	99.9
-2.3	99.8
-2.1	99.8
-1.9	99.8
-1.7	99.8
-1.5	99.9
-1.3	99.9
-1.1	100.0
-0.9	100.0
-0.7	100.0
-0.5	100.0
-0.3	100.0
-0.1	100.0
0.1	100.0
0.3	100.0
0.5	100.1
0.7	100.1
0.9	100.1
1.1	100.1
1.3	100.2
1.5	100.1
1.7	100.1
1.9	100.0
2.1	99.9
2.3	99.8
2.5	99.6
2.7	99.6
2.9	99.5
3.1	99.4
3.3	99.4
3.5	99.4
3.7	99.4
3.9	99.4
4.1	99.4
4.3	99.4
4.5	99.3
4.7	99.3
4.9	99.3
5.1	99.2
5.3	99.2
5.5	99.1
5.7	99.0
5.9	99.0
6.1	98.9
6.3	98.8
6.5	98.7
6.7	98.5
6.9	98.4
7.1	98.3
7.3	98.2
7.5	98.1
7.7	98.1
7.9	98.0
8.1	97.9
8.3	97.7
8.5	97.6
8.7	97.5
8.9	97.4
9.1	97.3
9.3	97.2
9.5	97.0
9.7	96.9
9.9	96.7
10.1	96.6
10.3	96.5
10.5	96.4
10.7	96.3
10.9	96.2
11.1	96.0
11.3	95.9
11.5	95.7
11.7	95.5
11.9	95.4
12.1	95.2
12.3	95.1
12.5	94.9
12.7	94.7
12.9	94.5
13.1	94.3
13.3	94.1
13.5	93.9
13.7	93.6
13.9	93.4
14.1	93.2
14.3	92.9
14.5	92.7
14.7	92.5
14.9	92.3
15.1	92.0
15.3	91.7
15.5	91.4
15.7	91.0
15.9	90.7
16.1	90.3
16.3	90.0
16.5	89.7
16.7	89.4
16.9	89.1
17.1	88.8
17.3	88.5
17.5	88.2
17.7	87.8
17.9	87.4
18.1	87.1
18.3	86.7
18.5	86.3
18.7	86.0
18.9	85.6
19.1	85.3
19.3	84.9
19.5	84.4
19.7	84.0
19.9	83.5
20.1	83.0
20.3	82.6
20.5	82.1
20.7	81.7
20.9	81.2
21.1	80.8
21.3	80.4
21.5	79.9
21.7	79.4
21.9	78.8
22.1	78.2
22.3	77.7
22.5	77.2
22.7	76.7
22.9	76.2
23.1	75.8
23.3	75.3
23.5	74.8
23.7	74.3
23.9	73.8
24.1	73.2
24.3	72.6
24.5	72.1
24.7	71.5
24.9	71.0
25.1	70.4
25.3	69.8
25.5	69.2
25.7	68.6
25.9	68.0
26.1	67.4
26.3	66.7
26.5	66.0
26.7	65.4
26.9	64.7
27.1	64.1
27.3	63.4
27.5	62.8
27.7	62.3
27.9	61.7
28.1	61.0
28.3	60.4
28.5	59.7
28.7	59.0
28.9	58.4
29.1	57.7
29.3	57.0
29.5	56.3
29.7	55.6
29.9	55.0
30.1	54.3
30.3	53.7
30.5	53.0
30.7	52.4
30.9	51.8
31.1	51.2
31.3	50.5
31.5	49.8
31.7	49.1
31.9	48.5
32.1	47.9
32.3	47.2
32.5	46.6
32.7	45.9
32.9	45.2
33.1	44.5
33.3	43.8
33.5	43.1
33.7	42.5
33.9	41.8
34.1	41.1
34.3	40.5
34.5	39.9
34.7	39.3
34.9	38.7
35.1	38.1
35.3	37.5
35.5	36.9
35.7	36.2
35.9	35.6
36.1	35.0
36.3	34.4
36.5	33.9
36.7	33.3
36.9	32.8
37.1	32.2
37.3	31.7
37.5	31.1
37.7	30.5
37.9	30.0
38.1	29.5
38.3	28.9
38.5	28.4
38.7	27.9
38.9	27.4
39.1	26.9
39.3	26.4
39.5	25.9
39.7	25.4
39.9	24.9
40.1	24.3
40.3	23.8
40.5	23.3
40.7	22.9
40.9	22.4
41.1	21.9
41.3	21.5
41.5	21.0
41.7	20.5
41.9	20.1
42.1	19.6
42.3	19.2
42.5	18.8
42.7	18.4
42.9	18.0
43.1	17.6
43.3	17.2
43.5	16.9
43.7	16.5
43.9	16.2
44.1	15.8
44.3	15.4
44.5	15.1
44.7	14.7
44.9	14.3
45.1	14.0
45.3	13.6
45.5	13.2
45.7	12.9
45.9	12.5
46.1	12.2
46.3	11.8
46.5	11.5
46.7	11.2
46.9	11.0
47.1	10.7
47.3	10.4
47.5	10.2
47.7	9.9
47.9	9.6
48.1	9.4
48.3	9.1
48.5	8.9
48.7	8.6
48.9	8.4
49.1	8.1
49.3	7.9
49.5	7.7
49.7	7.5
49.9	7.3
50.1	7.1
50.3	6.9
50.5	6.7
50.7	6.5
50.9	6.3
51.1	6.1
51.3	6.0
51.5	5.8
51.7	5.7
51.9	5.5
52.1	5.3
52.3	5.2
52.5	5.0
52.7	4.9
52.9	4.7
53.1	4.6
53.3	4.5
53.5	4.3
53.7	4.2
53.9	4.1
54.1	3.9
54.3	3.8
54.5	3.7
54.7	3.6
54.9	3.5
55.1	3.4
55.3	3.3
55.5	3.2
55.7	3.1
55.9	3.0
56.1	3.0
56.3	2.9
56.5	2.8
56.7	2.7
56.9	2.7
57.1	2.6
57.3	2.6
57.5	2.5
57.7	2.4
57.9	2.4
58.1	2.3
58.3	2.2
58.5	2.2
58.7	2.1
58.9	2.0
59.1	2.0
59.3	1.9
59.5	1.9
59.7	1.8
59.9	1.7
60.1	1.7
60.3	1.6
60.5	1.6
60.7	1.5
60.9	1.5
61.1	1.5
61.3	1.4
61.5	1.4
61.7	1.4
61.9	1.4
