Axis	Dose
310.0	18.6
309.5	18.3
308.5	18.5
307.9	18.4
307.3	18.5
306.8	18.7
306.4	18.7
306.0	18.8
305.7	18.7
305.3	18.8
304.7	18.8
304.2	18.8
303.6	19.0
303.1	19.1
302.6	19.2
302.1	19.2
301.6	19.3
301.1	19.2
300.6	19.3
300.1	19.3
299.6	19.4
299.1	19.4
298.6	19.5
298.1	19.5
297.6	19.7
297.1	19.7
296.6	19.9
296.1	19.9
295.6	19.9
295.1	20.0
294.6	20.0
294.1	20.2
293.6	20.1
293.0	20.2
292.5	20.2
292.1	20.3
291.6	20.5
291.1	20.3
290.5	20.5
290.0	20.4
289.5	20.7
289.0	20.7
288.5	20.7
288.0	20.9
287.5	20.9
287.0	21.0
286.5	20.9
286.0	21.0
285.5	21.1
285.0	21.2
284.5	21.1
284.0	21.3
283.5	21.4
283.0	21.5
282.5	21.5
282.0	21.5
281.5	21.5
281.0	21.7
280.5	21.8
280.0	21.7
279.5	21.9
279.0	21.9
278.5	21.8
277.9	22.0
277.5	22.1
277.0	22.1
276.4	22.2
275.9	22.3
275.4	22.3
274.9	22.5
274.4	22.4
273.9	22.7
273.4	22.5
272.9	22.8
272.4	22.7
271.9	22.8
271.4	22.9
270.9	23.0
270.4	23.1
269.9	23.1
269.4	23.0
268.9	23.2
268.4	23.2
267.9	23.4
267.3	23.4
266.8	23.6
266.3	23.6
265.8	23.7
265.3	23.6
264.8	23.8
264.3	23.8
263.8	23.9
263.3	24.0
262.8	24.0
262.3	24.2
261.8	24.2
261.2	24.3
260.7	24.3
260.2	24.4
259.7	24.6
259.2	24.6
258.7	24.7
258.2	24.6
257.7	24.8
257.2	24.8
256.7	24.9
256.2	25.1
255.7	25.1
255.2	25.1
254.7	25.2
254.2	25.4
253.7	25.4
253.1	25.5
252.6	25.6
252.1	25.8
251.6	25.7
251.1	25.8
250.7	26.0
250.1	26.0
249.6	26.0
249.1	26.0
248.6	26.3
248.1	26.2
247.6	26.4
247.1	26.3
246.6	26.3
246.1	26.6
245.6	26.6
245.0	26.7
244.6	26.9
244.1	27.0
243.6	27.0
243.0	27.1
242.5	27.1
242.0	27.3
241.5	27.3
241.0	27.3
240.5	27.3
240.0	27.6
239.5	27.7
239.0	27.7
238.5	27.5
238.0	27.9
237.5	28.1
237.0	27.9
236.4	28.2
235.9	28.1
235.5	28.3
234.9	28.5
234.4	28.4
233.9	28.6
233.4	28.6
232.9	28.6
232.4	28.9
231.9	28.9
231.4	29.2
230.9	29.2
230.3	29.2
229.9	29.4
229.4	29.5
228.8	29.5
228.4	29.5
227.8	29.6
227.3	29.7
226.8	29.8
226.3	29.8
225.8	30.0
225.3	30.1
224.8	30.1
224.3	30.2
223.8	30.3
223.3	30.6
222.8	30.6
222.3	30.7
221.8	30.8
221.2	30.8
220.8	30.7
220.3	30.9
219.8	31.0
219.3	31.1
218.7	31.3
218.2	31.3
217.7	31.6
217.3	31.6
216.8	31.8
216.2	31.7
215.7	31.7
215.2	31.9
214.7	32.0
214.2	32.1
213.7	32.2
213.2	32.4
212.7	32.4
212.2	32.5
211.7	32.6
211.2	32.7
210.7	32.9
210.2	32.9
209.6	33.0
209.1	33.3
208.6	33.3
208.2	33.3
207.7	33.4
207.1	33.5
206.6	33.6
206.1	33.8
205.6	33.9
205.1	33.9
204.6	34.1
204.1	34.4
203.6	34.3
203.1	34.4
202.6	34.7
202.1	34.7
201.6	34.7
201.1	34.6
200.6	35.1
200.0	35.1
199.6	35.1
199.1	35.3
198.5	35.4
198.0	35.5
197.5	35.6
197.0	35.6
196.5	35.9
196.0	35.9
195.5	36.1
195.0	36.1
194.5	36.3
194.0	36.3
193.5	36.7
193.0	36.7
192.5	36.7
191.9	36.7
191.4	36.8
190.9	37.1
190.4	37.3
189.9	37.2
189.4	37.4
188.9	37.6
188.4	37.6
187.9	37.7
187.4	37.8
186.9	38.2
186.4	38.1
185.9	38.5
185.4	38.3
184.9	38.4
184.4	38.6
183.9	38.9
183.4	38.7
182.9	38.8
182.4	39.1
181.9	39.3
181.4	39.3
180.9	39.3
180.4	39.4
179.9	39.5
179.3	39.7
178.8	39.8
178.4	40.0
177.9	40.2
177.3	40.4
176.8	40.2
176.3	40.5
175.8	40.7
175.3	41.0
174.8	40.9
174.3	41.0
173.8	41.3
173.3	41.1
172.8	41.4
172.3	41.6
171.8	41.7
171.3	41.9
170.8	42.0
170.3	42.0
169.8	41.9
169.3	42.4
168.8	42.4
168.3	42.6
167.8	42.9
167.3	43.0
166.8	43.0
166.3	43.3
165.8	43.2
165.3	43.5
164.8	43.8
164.3	43.6
163.8	44.0
163.3	43.9
162.8	44.1
162.3	44.0
161.8	44.4
161.2	44.4
160.8	44.6
160.3	44.9
159.8	44.9
159.3	45.1
158.8	45.0
158.2	45.3
157.7	45.6
157.3	45.6
156.8	45.8
156.3	45.9
155.7	46.0
155.2	46.2
154.7	46.1
154.2	46.4
153.7	46.7
153.2	46.9
152.7	46.9
152.2	47.0
151.7	47.1
151.2	47.4
150.7	47.5
150.2	47.7
149.7	47.9
149.2	47.9
148.7	48.2
148.2	48.2
147.7	48.2
147.2	48.3
146.7	48.7
146.2	49.1
145.7	49.1
145.2	49.3
144.6	49.4
144.1	49.5
143.6	49.7
143.1	50.0
142.6	50.0
142.1	50.3
141.6	50.3
141.1	50.6
140.6	50.5
140.1	50.8
139.6	50.7
139.1	51.3
138.6	51.3
138.1	51.5
137.6	51.6
137.1	51.7
136.6	52.0
136.1	52.0
135.6	52.2
135.1	52.4
134.6	52.7
134.1	52.9
133.6	53.0
133.1	53.2
132.6	53.0
132.0	53.2
131.5	53.6
131.0	54.0
130.5	54.0
130.0	53.9
129.5	54.4
129.0	54.6
128.5	54.7
128.0	54.8
127.5	54.9
127.0	55.1
126.5	55.4
126.0	55.6
125.5	55.8
124.9	55.7
124.5	56.1
124.0	56.0
123.4	56.3
122.9	56.7
122.4	57.0
121.9	57.1
121.4	57.1
120.9	57.3
120.4	57.6
119.9	57.7
119.3	57.8
118.8	57.9
118.4	58.0
117.9	58.1
117.4	58.6
116.8	58.9
116.3	59.0
115.8	59.2
115.3	59.2
114.8	59.3
114.3	59.7
113.8	59.8
113.3	60.1
112.8	60.3
112.3	60.4
111.8	60.5
111.3	60.8
110.8	61.1
110.2	61.4
109.7	61.2
109.3	61.5
108.8	61.7
108.3	62.2
107.7	62.3
107.2	62.4
106.7	62.6
106.3	62.7
105.8	62.9
105.2	63.2
104.7	63.3
104.2	63.7
103.7	63.8
103.2	63.9
102.7	64.1
102.2	64.4
101.7	64.6
101.2	64.8
100.7	65.1
100.2	65.1
99.7	65.2
99.2	65.8
98.7	65.9
98.2	66.2
97.7	66.3
97.2	66.6
96.7	66.9
96.2	67.1
95.7	67.4
95.2	67.3
94.7	67.7
94.2	67.9
93.7	67.9
93.2	67.9
92.6	68.6
92.1	68.7
91.6	68.7
91.1	68.8
90.6	69.4
90.1	69.6
89.6	69.8
89.1	69.8
88.6	69.9
88.1	70.5
87.6	70.3
87.1	70.8
86.6	71.1
86.1	71.4
85.6	71.4
85.1	71.5
84.6	71.9
84.1	72.1
83.5	72.3
83.0	72.7
82.5	72.9
82.0	73.1
81.5	73.4
81.0	73.4
80.5	73.7
80.0	74.0
79.5	74.2
79.0	74.5
78.5	74.4
78.0	74.9
77.5	75.3
77.0	75.4
76.5	75.7
76.0	75.8
75.5	76.4
75.0	76.4
74.4	76.6
73.9	76.9
73.5	77.1
73.0	77.3
72.5	77.5
71.9	77.8
71.4	78.0
70.9	78.2
70.4	78.4
69.9	78.9
69.4	79.3
68.9	79.6
68.4	79.7
67.9	79.6
67.4	79.9
66.9	80.4
66.4	80.5
65.9	80.6
65.3	80.7
64.8	81.3
64.3	81.3
63.9	81.9
63.5	81.9
63.1	82.0
62.5	82.1
62.0	82.5
61.5	83.1
61.0	83.1
60.5	83.8
60.0	83.7
59.5	84.1
59.0	84.3
58.5	84.7
58.0	84.7
57.5	85.0
56.9	85.5
56.4	85.6
56.0	85.8
55.5	86.2
54.9	86.4
54.4	86.4
53.9	86.9
53.4	87.1
52.9	87.3
52.4	87.5
51.9	88.1
51.4	88.4
50.9	88.4
50.4	88.3
49.9	89.0
49.4	89.1
48.9	89.4
48.4	89.8
47.9	90.1
47.3	90.0
46.9	90.5
46.4	90.8
45.9	91.0
45.3	91.2
44.8	91.5
44.3	91.8
43.8	92.3
43.3	92.5
42.8	92.9
42.3	92.9
41.8	93.5
41.3	93.5
40.8	93.7
40.3	94.0
39.8	94.4
39.3	94.4
38.8	94.8
38.3	95.2
37.8	95.5
37.3	95.7
36.8	95.8
36.2	96.3
35.7	96.6
35.2	97.0
34.7	97.3
34.2	97.6
33.7	97.9
33.2	98.1
32.7	98.3
32.2	98.9
31.7	99.1
31.2	99.0
30.7	99.1
30.2	99.7
29.7	100.3
29.2	100.3
28.7	100.5
28.2	100.6
27.7	100.9
27.1	101.4
26.7	101.6
26.2	101.8
25.7	102.2
25.2	102.4
24.7	102.4
24.1	102.6
23.7	103.0
23.2	103.5
22.7	103.5
22.2	103.9
21.7	104.4
21.1	104.6
20.6	104.7
20.1	105.0
19.6	105.1
19.1	105.1
18.6	106.0
18.1	105.9
17.6	106.2
17.1	106.2
16.6	106.7
16.1	106.9
15.6	106.7
15.1	106.8
14.6	106.9
14.1	106.9
13.6	107.0
13.1	107.0
12.6	106.9
12.0	106.4
11.6	106.2
11.1	106.3
10.6	105.9
10.1	105.4
9.5	104.7
9.0	104.0
8.5	103.3
8.0	102.7
7.5	101.1
7.0	100.1
6.5	98.8
6.0	96.6
5.5	94.7
5.0	92.4
4.5	89.6
4.0	86.6
3.5	82.7
2.9	78.4
2.4	73.8
1.9	68.6
1.5	62.2
0.9	56.2
0.4	52.2
-0.5	47.5
