4.044910109552241728e+00
4.044910109552241728e+00
4.044910109552241728e+00
4.044910109552241728e+00
4.044910109552241728e+00
4.044910109552241728e+00
4.044910109552241728e+00
4.044910109552241728e+00
4.044910109552241728e+00
4.044910109552241728e+00
4.044910109552241728e+00
4.044910109552241728e+00
4.044910109552241728e+00
4.044910109552241728e+00
4.044910109552241728e+00
4.044910109552241728e+00
4.044910109552241728e+00
4.044910109552241728e+00
4.044910109552241728e+00
4.044910109552241728e+00
4.044910109552241728e+00
4.044910109552241728e+00
4.044910109552241728e+00
4.019078049216482817e+00
4.017287592190036172e+00
4.032662426017412649e+00
4.022467611071833815e+00
3.982686415842093819e+00
3.925046325158982441e+00
3.858818504750632261e+00
3.834847687094893764e+00
3.803631017726164742e+00
3.777856673520652908e+00
3.766315710845002052e+00
3.814250541927224347e+00
3.845849057607279242e+00
3.860291164740067948e+00
3.854352082762997789e+00
3.863741313881901895e+00
3.866554797263330290e+00
3.866089245759095405e+00
3.873187273070946457e+00
3.885280757135957330e+00
3.923656087940854853e+00
3.990843757946767933e+00
4.079098779232541716e+00
4.154776917454079843e+00
4.228512145674353739e+00
4.306316109656782132e+00
4.413222348110398485e+00
4.506204143737591039e+00
4.591105099745447227e+00
4.671852044005466276e+00
4.771251128234395011e+00
4.908130770077027805e+00
5.042225152452414427e+00
5.104614957629420857e+00
5.184212931073099107e+00
5.264228367356150962e+00
5.350442633615834609e+00
5.470162068615527673e+00
5.594196494562744704e+00
5.735537170996708234e+00
5.897199490822240264e+00
6.069762713262238485e+00
6.228353514819248815e+00
6.405562432946716456e+00
6.621271255192223926e+00
6.858028395364907936e+00
7.179392091761369166e+00
7.533316313759138794e+00
7.862548458419038155e+00
8.132730847084296499e+00
8.467603085215191783e+00
8.862796139273500629e+00
9.297324804446279956e+00
9.737215187830356555e+00
1.027585507166049439e+01
1.091896023473955069e+01
1.160642419180428853e+01
1.235655367335618315e+01
1.321157740049331508e+01
1.420158048979632603e+01
1.542210526461517439e+01
1.682174228022832096e+01
1.839635213370944911e+01
2.016128247513534077e+01
2.234636193701219042e+01
2.492944314704446640e+01
2.794144629368728872e+01
3.149333505406636746e+01
3.577033077090731439e+01
4.054579152324973279e+01
4.580835544948795501e+01
5.166600995222523096e+01
5.774521949350084071e+01
6.373123108625907918e+01
6.948356879042111700e+01
7.462543201208339383e+01
7.916775328431793923e+01
8.309889755184683224e+01
8.635702867696069518e+01
8.865822097453491324e+01
9.054111757252037762e+01
9.209650813185227491e+01
9.338815250854425187e+01
9.432138623982167758e+01
9.514990701058704303e+01
9.587293494894062462e+01
9.643487555631303110e+01
9.680944684824403623e+01
9.718964854919926211e+01
9.760333302371442699e+01
9.800726975219865267e+01
9.821229159115979712e+01
9.833667656785094380e+01
9.842204614590048095e+01
9.844289700917580888e+01
9.846899714268742798e+01
9.852042976102087835e+01
9.861617482367989851e+01
9.866828551828336913e+01
9.865025006758986592e+01
9.862908124822627087e+01
9.871694530893164199e+01
9.880738672514443977e+01
9.891887359439989780e+01
9.904731940492798969e+01
9.917341698655157245e+01
9.926994866705439335e+01
9.936761083204474687e+01
9.946562639448877974e+01
9.949108078626942131e+01
9.950436516554744060e+01
9.949516205573962679e+01
9.945691790659864751e+01
9.943542862710084762e+01
9.943902905906536205e+01
9.941270198199558195e+01
9.928828573778658040e+01
9.921608554406083158e+01
9.915057271040483045e+01
9.910791964902686857e+01
9.913600088579579506e+01
9.920426367460987649e+01
9.923865902201698930e+01
9.924366237748859021e+01
9.931031930894158677e+01
9.940537470376297335e+01
9.945018415744820572e+01
9.941507345259526573e+01
9.936833486409973659e+01
9.936910506501514817e+01
9.936842911853315741e+01
9.932669697808374565e+01
9.923014664903935511e+01
9.915788577065507070e+01
9.909381157398820505e+01
9.901007245863819151e+01
9.897651465148098282e+01
9.895187378466032158e+01
9.891996311533242192e+01
9.884243479237241559e+01
9.882034348949947855e+01
9.882995272942453369e+01
9.886839785936199121e+01
9.895782640581110456e+01
9.901909092162006232e+01
9.908841317174473318e+01
9.918626409229878504e+01
9.928420645233285313e+01
9.934638293163283151e+01
9.939516984974734726e+01
9.945478524706300050e+01
9.940369066827895494e+01
9.932456307691793995e+01
9.925064796964457514e+01
9.924778285145630718e+01
9.919694853054853922e+01
9.914957979404354660e+01
9.911293494757529743e+01
9.907555077071546634e+01
9.906834599792944118e+01
9.909883540194967111e+01
9.917499044244289053e+01
9.933528579333061259e+01
9.941217878650007833e+01
9.950412321696533979e+01
9.969156819524501145e+01
9.981213804474664641e+01
9.983712282140942307e+01
9.981702271042914276e+01
9.982984860562351059e+01
9.985437219657001151e+01
9.988816877326624422e+01
9.991067930902075034e+01
9.985344633085540522e+01
9.985275809758233834e+01
9.986083964828422666e+01
9.985745566678504304e+01
9.978817038774707271e+01
9.970794494541701170e+01
9.967810212908216272e+01
9.973419798944682668e+01
9.975983648182096886e+01
9.984272571612063985e+01
9.991879590161394731e+01
9.991324862013867403e+01
9.996381188388357941e+01
9.997797853389987210e+01
9.997252155053097056e+01
9.999672284713025761e+01
9.986900602253322745e+01
9.972401091060554279e+01
9.959860600994610991e+01
9.955122704597131644e+01
9.941696566381186528e+01
9.928074124874923712e+01
9.918040154384371476e+01
9.917031768260471836e+01
9.916785463435712700e+01
9.916691696638871178e+01
9.916281055894734209e+01
9.916079114934957772e+01
9.920841934065752810e+01
9.930030508638250808e+01
9.943234453400681616e+01
9.954200460170309839e+01
9.964467709872700141e+01
9.974743348781419172e+01
9.986762107649163056e+01
9.985191391830774421e+01
9.978459731229199292e+01
9.969535889528923178e+01
9.964262586781994457e+01
9.958018553485970870e+01
9.945987792888901424e+01
9.925541752939363960e+01
9.916574348335633715e+01
9.919262503142043386e+01
9.925317133815011061e+01
9.925674308590463113e+01
9.926066716012155666e+01
9.926898768989946120e+01
9.927007460716411913e+01
9.923560725280714223e+01
9.923551084920050869e+01
9.924365869996968570e+01
9.925869297442670813e+01
9.929758136731194895e+01
9.935899011271250458e+01
9.936848872450551085e+01
9.929884909446607821e+01
9.921930891645716599e+01
9.920861544321169845e+01
9.920938417560365963e+01
9.917739136415708856e+01
9.910250332921660288e+01
9.898313622678175250e+01
9.884532328380963406e+01
9.872910690783936616e+01
9.869731638203241175e+01
9.865407639789316363e+01
9.859071585963778261e+01
9.851310177683568270e+01
9.844012465401608836e+01
9.839257215771492326e+01
9.837167759423982716e+01
9.833898422010726392e+01
9.815603299417591643e+01
9.785642844024552289e+01
9.745399634486477680e+01
9.710232935127206133e+01
9.679917398078676172e+01
9.647406061526268672e+01
9.604381997472061983e+01
9.565794750463783203e+01
9.515946980816450207e+01
9.457722313631168731e+01
9.398684467479381510e+01
9.334724441324230781e+01
9.259023780343478904e+01
9.168780174651547554e+01
9.056172796937927671e+01
8.910796933774915374e+01
8.727195957863351339e+01
8.498774411959686859e+01
8.194836258480889057e+01
7.815362720085117587e+01
7.368107240282459713e+01
6.852197261206323731e+01
6.259137709200420829e+01
5.644741635759934439e+01
5.021309493456260498e+01
4.406299528994920678e+01
3.854602280380461821e+01
3.360055059418689893e+01
2.925121856884165794e+01
2.567001872632845405e+01
2.273723202541785682e+01
2.023809253053052615e+01
1.812476575648133092e+01
1.639403112663907081e+01
1.493127006157034842e+01
1.367697864730063273e+01
1.261413904682203402e+01
1.173583495904080110e+01
1.097293387424133293e+01
1.031379637067300514e+01
9.758764322665026469e+00
9.243497140583032845e+00
8.745874172323663487e+00
8.274736805933907036e+00
7.856967155197799535e+00
7.509321384806639799e+00
7.136086651158221272e+00
6.746366017288512928e+00
6.466943891611939499e+00
6.233468808316826149e+00
6.053892848186891662e+00
5.930846750294384684e+00
5.819703790580044611e+00
5.742814545168468676e+00
5.688883541159415635e+00
5.651425411253581110e+00
5.672005375328917687e+00
5.697364157862333300e+00
5.716690492010980229e+00
5.712896227523804882e+00
5.693295033055765231e+00
5.632344774578001534e+00
5.535855983054034368e+00
5.427947401061204324e+00
5.369918592284006920e+00
5.311781502937191313e+00
5.238268417931688070e+00
5.136900453739438710e+00
5.101293682085949577e+00
5.119464175741493150e+00
5.185213326000270406e+00
5.167675955667458076e+00
5.163237815142435849e+00
5.154952572194155813e+00
5.123242091964017142e+00
5.173882154284693335e+00
5.237749328779319313e+00
5.309632076151917346e+00
5.388134861133977438e+00
5.404756562888040072e+00
5.390801811583348702e+00
5.359823917692895456e+00
5.348968228026571126e+00
5.329645091133965451e+00
5.286950816693818389e+00
5.219783112670960179e+00
5.204938997817079027e+00
5.209627992742301039e+00
5.217960474767129320e+00
5.217960474767129320e+00
5.217960474767129320e+00
5.217960474767129320e+00
5.217960474767129320e+00
5.217960474767129320e+00
5.217960474767129320e+00
5.217960474767129320e+00
5.217960474767129320e+00
5.217960474767129320e+00
5.217960474767129320e+00
5.217960474767129320e+00
5.217960474767129320e+00
5.217960474767129320e+00
5.217960474767129320e+00
5.217960474767129320e+00
5.217960474767129320e+00
5.217960474767129320e+00
5.217960474767129320e+00
5.217960474767129320e+00
5.217960474767129320e+00
5.217960474767129320e+00
5.217960474767129320e+00
5.217960474767129320e+00
5.217960474767129320e+00
5.217960474767129320e+00
5.217960474767129320e+00
5.217960474767129320e+00
5.217960474767129320e+00
5.217960474767129320e+00
5.217960474767129320e+00
5.217960474767129320e+00
5.217960474767129320e+00
5.217960474767129320e+00
5.217960474767129320e+00
5.217960474767129320e+00
5.217960474767129320e+00
5.217960474767129320e+00
5.217960474767129320e+00
5.217960474767129320e+00
5.217960474767129320e+00
5.217960474767129320e+00
5.217960474767129320e+00
5.217960474767129320e+00
5.217960474767129320e+00
5.217960474767129320e+00
5.217960474767129320e+00
