4.282220342996529427e-01
3.238083361390353132e-01
2.387948814861692859e-01
1.776678218801292508e-01
1.390971195969642471e-01
1.214323410549145443e-01
2.796605585213465806e-01
4.453880172398412829e-01
6.220965981977781833e-01
8.031716512959444776e-01
9.834830429752919878e-01
1.158160793860306681e+00
1.324584276503401714e+00
1.476772783872451367e+00
1.613013620840585194e+00
1.734414318567409685e+00
1.835651898350088684e+00
1.922293442308740330e+00
1.996391888500310685e+00
2.063908669806059137e+00
2.130755004123643825e+00
2.204827734312599041e+00
2.286689289854854312e+00
2.381010103346063111e+00
2.494546408586856057e+00
2.627869098145791060e+00
2.785167649649907151e+00
2.963925224067271103e+00
3.164369018865340166e+00
3.380620970861593300e+00
3.610205175942808431e+00
3.849125669047307685e+00
4.098181068664700000e+00
4.356191811952408344e+00
4.622307645249577490e+00
4.898430223016849716e+00
5.182131353692896347e+00
5.477619309444144768e+00
5.784797556195820256e+00
6.102945007338655081e+00
6.429540762077428973e+00
6.764447332030187887e+00
7.104796359792815430e+00
7.446708189603551631e+00
7.791536623677461471e+00
8.137758442126141745e+00
8.486514651190919523e+00
8.839462219699234069e+00
9.193458375506851965e+00
9.548658585157031808e+00
9.906864650658400606e+00
1.027046888611618769e+01
1.063629316144457171e+01
1.101090758035087092e+01
1.139586348923854153e+01
1.179247413605254557e+01
1.220936444006956201e+01
1.265004245349116907e+01
1.312002761786861527e+01
1.362991654591295720e+01
1.419013653080255288e+01
1.479701329460782766e+01
1.545135433854042084e+01
1.615132199271927504e+01
1.689399309468855748e+01
1.768055331625456716e+01
1.850159526195346515e+01
1.934875245110657715e+01
2.021694233955797415e+01
2.110525379593792650e+01
2.201489990180978396e+01
2.295143885120624461e+01
2.391809471140652121e+01
2.491232246966312047e+01
2.593695354275384446e+01
2.699419540048539190e+01
2.808107559063160608e+01
2.919684449390090819e+01
3.034460631378054174e+01
3.152289643872924785e+01
3.272994816488161263e+01
3.396574801285602518e+01
3.523643896059402181e+01
3.654944007497680047e+01
3.791266980442715351e+01
3.931953725132609634e+01
4.076960693356750909e+01
4.225632519521781916e+01
4.376719128270908499e+01
4.529442363099777680e+01
4.682601422972840766e+01
4.835328533729447997e+01
4.986626915024078954e+01
5.136425056346557483e+01
5.283074335416206679e+01
5.427188441331597346e+01
5.569739314118861984e+01
5.711305325145163891e+01
5.852196334846590275e+01
5.991599604446990668e+01
6.129053102784494200e+01
6.264196380053951430e+01
6.397080913909975664e+01
6.526275168889367251e+01
6.651446116628618199e+01
6.771477145168869072e+01
6.885447604938289601e+01
6.993383103497868092e+01
7.096233741933747297e+01
7.195077922081435418e+01
7.290630858396662006e+01
7.383426955155626104e+01
7.473387545249798336e+01
7.561024978015177567e+01
7.646883519186069122e+01
7.731203245985375361e+01
7.813678040258092494e+01
7.893964467945106378e+01
7.971410346685749460e+01
8.045998178960689984e+01
8.117578930979652796e+01
8.186322034003499937e+01
8.252454578917530625e+01
8.316065584324957172e+01
8.376874057523433237e+01
8.435117232809837162e+01
8.491678827242211014e+01
8.547311206878977430e+01
8.602389230798111441e+01
8.657577959372572707e+01
8.713460403201776217e+01
8.770423522149863516e+01
8.828629737344810735e+01
8.887967189071210328e+01
8.948350610948916994e+01
9.008930613797151921e+01
9.069040690664009219e+01
9.127218868578916044e+01
9.182310906572811859e+01
9.232507412448975970e+01
9.276592511407814357e+01
9.313834227899197060e+01
9.343813040763991751e+01
9.366563609761553266e+01
9.382704462793452649e+01
9.393678111058054014e+01
9.400649351227190209e+01
9.406069967532998533e+01
9.412483641416142177e+01
9.421466819958091321e+01
9.433485348333064735e+01
9.448649808654883486e+01
9.466612128952797889e+01
9.486844212300363210e+01
9.508535818947494533e+01
9.530420634760565690e+01
9.551516703109199113e+01
9.570836240757178359e+01
9.587842145167670083e+01
9.602812308668531216e+01
9.616945904395635125e+01
9.631359114415741374e+01
9.647308079406819559e+01
9.665406590453463309e+01
9.685265048827382373e+01
9.706641186472225513e+01
9.728511337400250625e+01
9.749870663844836827e+01
9.769808323853844456e+01
9.787222695852008769e+01
9.801309222847173430e+01
9.811716607711775850e+01
9.818596347532410107e+01
9.822788958538362181e+01
9.826105348215986623e+01
9.829808029041514317e+01
9.834863937065084372e+01
9.842083994005726311e+01
9.851350938524032586e+01
9.862938220022572011e+01
9.876418241854544533e+01
9.891333293470005117e+01
9.907019814265561308e+01
9.922849987495425239e+01
9.937911439634541466e+01
9.951524673589618430e+01
9.963864853748141570e+01
9.974236303388197200e+01
9.982689859461549986e+01
9.989091451156446055e+01
9.993904707243827090e+01
9.997230575859596513e+01
9.999188221247329977e+01
1.000000000000000000e+02
9.999900564496381605e+01
9.999495284425277930e+01
9.998601179743117484e+01
9.997671353453849008e+01
9.996435668170479971e+01
9.994840660234881113e+01
9.992536706784015621e+01
9.989839387205027776e+01
9.986419581836609893e+01
9.981975996934126272e+01
9.976720304223218250e+01
9.970611101848469104e+01
9.964233093042329870e+01
9.958107294194205394e+01
9.953098896856752731e+01
9.951143363961340071e+01
9.952317255034961363e+01
9.954135268606248133e+01
9.956260680397707574e+01
9.958663383655240864e+01
9.961015920336622287e+01
9.963451306193714174e+01
9.966197232348547175e+01
9.969000507943752609e+01
9.971905442060212010e+01
9.975029345735606512e+01
9.977984050406163874e+01
9.980746911326492921e+01
9.983198616923422719e+01
9.985057428709571070e+01
9.986319090298891865e+01
9.987023207301143657e+01
9.987166190553689660e+01
9.987108181833046672e+01
9.987384463386146649e+01
9.988321927023106639e+01
9.990045386640737490e+01
9.992209851426650857e+01
9.994285447274661749e+01
9.995782710214521671e+01
9.996129177315421543e+01
9.994788811732536260e+01
9.991457524129113210e+01
9.986058775583455827e+01
9.978796401711366570e+01
9.969941661734654303e+01
9.960289375323110050e+01
9.950678191235057568e+01
9.941510244336444657e+01
9.933153212170192603e+01
9.925604448537350777e+01
9.918214069897339868e+01
9.909890288832220051e+01
9.899899056334629677e+01
9.887559695596024767e+01
9.872627891645902309e+01
9.855228962202822629e+01
9.835809983260280376e+01
9.814946633584339963e+01
9.792965025423089287e+01
9.770820037171328920e+01
9.749420219451762648e+01
9.729602850264423353e+01
9.711374951341345252e+01
9.694424158867755636e+01
9.678247085691106122e+01
9.662474793579362142e+01
9.646853158924064076e+01
9.631232915452261523e+01
9.616110669148010004e+01
9.601050993193808836e+01
9.585993695641408863e+01
9.571294859324945037e+01
9.557548898598336962e+01
9.544889173037753949e+01
9.533682269707043133e+01
9.523570657851887233e+01
9.513327866243967890e+01
9.502075621224726376e+01
9.488854367027110470e+01
9.473204907567155431e+01
9.454240407620662268e+01
9.431317280284260107e+01
9.404042451540468051e+01
9.372461618249454318e+01
9.336706669372539125e+01
9.297280094487928181e+01
9.255063608901437533e+01
9.210571001869291763e+01
9.164621460332405434e+01
9.117787659416779888e+01
9.070657384362156961e+01
9.023578554728550216e+01
8.976352952966630028e+01
8.928595026073762142e+01
8.879429737786588817e+01
8.828210384088318108e+01
8.774541226606771716e+01
8.718033649693103371e+01
8.658100192641407489e+01
8.594157747584191043e+01
8.526170696365858248e+01
8.454230220511560390e+01
8.379220826771977215e+01
8.301776983330590554e+01
8.222516035239597443e+01
8.141806387406207079e+01
8.059717157593821923e+01
7.976189497378874194e+01
7.891269427020638716e+01
7.805089080582909844e+01
7.717718132983333135e+01
7.628885394218850990e+01
7.537705733435252853e+01
7.443650811821025570e+01
7.346130589420599222e+01
7.245045182436204811e+01
7.139575338112376812e+01
7.029353171249935883e+01
6.913807611236302364e+01
6.793012365832635169e+01
6.667331863839311268e+01
6.537563028722371428e+01
6.404655345487422835e+01
6.269410943758643384e+01
6.132674561275302239e+01
5.994869120089704495e+01
5.856895884699569166e+01
5.719482917257341370e+01
5.582536159687983002e+01
5.445704403973263652e+01
5.308378037136306205e+01
5.169621785576159567e+01
5.028948921165482489e+01
4.886326754496321456e+01
4.742284201959635226e+01
4.596775774351511501e+01
4.450363740155346903e+01
4.302947942102549206e+01
4.155550719640153545e+01
4.009636700767277517e+01
3.866899566285487566e+01
3.728539576209746542e+01
3.594480058854518489e+01
3.464636222380022446e+01
3.338881988796135403e+01
3.217909773731363998e+01
3.102013727390122710e+01
2.991482418221836781e+01
2.886394626247229667e+01
2.785805332772470777e+01
2.689056776935753135e+01
2.596138897053504735e+01
2.507524269989292875e+01
2.423276279697219593e+01
2.342867665362767937e+01
2.265619965177538120e+01
2.190614100459711011e+01
2.118052963861392612e+01
2.047741131547583038e+01
1.979709547705835604e+01
1.913836158111667274e+01
1.849756206026665240e+01
1.787505088333356795e+01
1.727254304141757046e+01
1.669321416616376297e+01
1.613567801016749215e+01
1.560343388785711305e+01
1.509414733431990641e+01
1.460531966598443177e+01
1.413727373727836678e+01
1.368594020030735692e+01
1.324911419944001167e+01
1.282586864590944487e+01
1.241496539775139496e+01
1.201315724431999499e+01
1.161981396587467508e+01
1.123528689865857721e+01
1.086124997910716417e+01
1.050160555635857129e+01
1.015531398741181945e+01
9.824486557758740801e+00
9.509872021420502364e+00
9.210728523556737102e+00
8.926569127249104341e+00
8.657248121345286762e+00
8.400970164252999695e+00
8.155382805530619450e+00
7.921007194317045474e+00
7.694277157675269763e+00
7.474670105354616290e+00
7.262143133074509649e+00
7.055883170108587343e+00
6.852118963101196059e+00
6.648529289481689197e+00
6.445270322646949879e+00
6.242303118536955964e+00
6.038701019583612606e+00
5.832453277699464422e+00
5.624967132862307650e+00
5.420224184010743684e+00
5.217764852655546903e+00
5.017333925843925790e+00
4.820849636826109119e+00
4.629813941800470012e+00
4.445363310593211992e+00
4.270025555389429073e+00
4.104524545500605193e+00
3.946950603568488702e+00
3.796562555592918109e+00
3.651754719369493252e+00
3.513528826446819853e+00
3.381223508644709774e+00
3.255290991378112508e+00
3.136627385184359795e+00
3.025453770227037431e+00
2.922258921693049238e+00
2.831335139950917235e+00
2.756569761612136737e+00
2.698508082948393838e+00
2.656403869047297750e+00
2.626430911400893464e+00
2.611090242479339629e+00
2.610610000489738347e+00
2.621586336148530094e+00
2.643439139554616180e+00
2.677806376085693607e+00
2.723723442679288453e+00
2.777295173061489209e+00
2.839560086846923070e+00
2.905764569035311773e+00
2.973167125741589256e+00
3.037547602964841165e+00
3.094409822735601612e+00
3.141850632414297628e+00
3.176988818357395772e+00
3.198857201656957194e+00
3.206680645733671398e+00
3.205500125545869050e+00
3.198159022716070332e+00
3.189881878070615961e+00
3.186572325156170837e+00
3.192351013176928376e+00
3.212106669872881515e+00
3.253115604780491221e+00
3.321349183700002872e+00
3.416279029238950660e+00
3.535683230718686954e+00
3.680455844808570021e+00
3.847263965774945671e+00
4.031129698504957837e+00
4.229062350249270352e+00
4.436467565880106712e+00
4.646966020143270981e+00
4.848813230760151249e+00
5.031896666741305424e+00
5.183443300502574402e+00
5.295176759017407697e+00
5.358791835676352200e+00
5.373323916069598027e+00
5.347970016703264662e+00
5.295652938660420972e+00
5.231297970250377460e+00
5.173555356003807226e+00
5.145310699883657968e+00
5.160782941175832583e+00
5.239392581635477164e+00
5.393126743644782728e+00
5.619800837915952307e+00
5.905138643806734144e+00
6.229287484891224302e+00
6.556682765002673108e+00
6.847434873233715358e+00
7.067284690478649267e+00
7.169583201528572758e+00
7.116307307565040929e+00
6.879184540145320881e+00
6.446065430539095864e+00
5.818820269498459652e+00
5.020655155167977668e+00
4.080908865232923510e+00
3.035233812899823747e+00
1.926216530622016476e+00
7.994054781032945423e-01
-2.235189883697817348e-01
-1.101801285879154602e+00
-1.806416220393028071e+00
-2.065866930084113928e+00
-2.181897231079457544e+00
-2.163329065013378294e+00
-2.024592272774225155e+00
