-4.089042339621679067e-01
-5.167586854037768962e-01
-6.150517842477454256e-01
-7.019214462415723776e-01
-7.908910749062412204e-01
-7.690777940770370247e-01
-7.710523893675179652e-01
-7.366593403993674238e-01
-6.934478731791365869e-01
-6.811332022483461701e-01
-6.572859143158157336e-01
-6.556946286276298386e-01
-6.310515971618759767e-01
-6.013524863883207283e-01
-5.594589445265414351e-01
-5.397308268691682898e-01
-5.067205850028342340e-01
-4.146129450856770315e-01
-3.514094618993531260e-01
-2.904613376398044178e-01
-2.573193662768088474e-01
-2.172441272462973805e-01
-2.041426989017163518e-01
-1.948491491721567048e-01
-1.490389558313043039e-01
-1.600764656229003713e-01
-1.319749067221284433e-01
-1.158225702246033356e-01
-8.309853347045823013e-02
-4.694304376908874782e-02
9.025574257221656918e-03
5.431228803239360886e-02
8.630633459252562423e-02
1.238674054173275613e-01
1.301196792256359702e-01
1.839393342125287267e-01
2.120074278191085571e-01
2.625297831553992101e-01
3.135969577848234380e-01
3.881710061646448939e-01
4.682967607830170187e-01
5.568157325099412081e-01
6.142540442610031626e-01
6.647090699933211333e-01
7.320262642277358678e-01
7.501598313222457293e-01
8.075523232152069797e-01
7.995803067483693294e-01
7.896234218251684256e-01
7.873968383009583016e-01
8.104640963202675019e-01
8.137007463305399035e-01
8.249059737546952098e-01
8.800565453112396685e-01
8.968938581499938945e-01
9.668240805035335228e-01
1.029186011605183193e+00
1.139259257342868814e+00
1.253838264670149805e+00
1.398441139346012552e+00
1.549058055350949648e+00
1.657069245715106165e+00
1.839799596249532598e+00
2.002026725692584552e+00
2.124188088274495900e+00
2.205362030930986261e+00
2.363385645923363754e+00
2.511098971105493405e+00
2.657196469494765179e+00
2.827971284843047606e+00
2.972516723653432447e+00
3.153941983990946163e+00
3.405870852603786414e+00
3.676804507316635551e+00
3.950365770446144342e+00
4.270352028004754885e+00
4.649441919285987268e+00
5.133612867908305510e+00
5.655182692854884507e+00
6.271779986271833529e+00
6.998216328836705635e+00
7.878567270044046111e+00
8.855215326322907643e+00
9.987827136443621967e+00
1.133060864300292536e+01
1.288624034967349807e+01
1.470569552998209595e+01
1.688099749995181753e+01
1.936812513230518462e+01
2.225966383915060476e+01
2.562721039992380412e+01
2.949964095725360380e+01
3.378609492652137902e+01
3.846973157283990474e+01
4.348778487149728988e+01
4.870106642389252727e+01
5.401367664021248061e+01
5.925960389723439192e+01
6.428486931809221971e+01
6.902526001076284956e+01
7.332680544122604260e+01
7.714685826187381679e+01
8.047664723111526541e+01
8.329397292055190860e+01
8.570945253947313347e+01
8.772730839617236143e+01
8.949493631607877830e+01
9.085733096111854934e+01
9.199352221399144014e+01
9.303554856616082702e+01
9.388907658180349358e+01
9.461555153789525718e+01
9.522895416065004781e+01
9.577160279486408001e+01
9.614168946106808278e+01
9.647499255638517468e+01
9.687927786037039368e+01
9.706324228459749293e+01
9.728842503372656836e+01
9.750244437664919417e+01
9.774734371686925272e+01
9.794330631206472049e+01
9.816746635780522467e+01
9.845670612469351113e+01
9.862492734986984999e+01
9.895167358255116596e+01
9.914454160934286620e+01
9.930513565908482576e+01
9.943194806791653662e+01
9.956524530617149082e+01
9.961002911384223069e+01
9.962209614897233223e+01
9.970047477386346202e+01
9.964009329215312505e+01
9.972551549542102123e+01
9.988309555618316438e+01
9.992858766838381257e+01
9.996990159383071273e+01
1.000565097591099146e+02
1.001045569629314400e+02
1.001295934413572581e+02
1.002412978447392788e+02
1.002534301789243187e+02
1.001686686896161405e+02
1.001944098424870049e+02
1.002299057800995570e+02
1.002988499153974544e+02
1.002670819782072158e+02
1.002608350292735651e+02
1.002385604498302882e+02
1.002595169333655889e+02
1.002692191257615377e+02
1.002967076068363070e+02
1.002674478612761959e+02
1.002337050315972107e+02
1.003251239379805639e+02
1.003675653906930307e+02
1.004352579509949663e+02
1.004365060727776040e+02
1.005182086494923936e+02
1.004829784475170555e+02
1.005320066766356462e+02
1.005498357206168407e+02
1.005467510492407399e+02
1.005297381501784741e+02
1.004736723753680110e+02
1.004432957906430204e+02
1.004052730045881532e+02
1.004037008492971523e+02
1.004009304754925012e+02
1.004752467673480538e+02
1.004832264963855266e+02
1.004112309135170875e+02
1.004173876438032522e+02
1.004301870243665888e+02
1.003848400964985501e+02
1.003989791212452900e+02
1.003299829425317711e+02
1.001196708751823650e+02
1.000390157237773110e+02
1.000548971666151914e+02
9.999033314810701256e+01
9.996088650484705340e+01
1.000469835453770884e+02
1.000508586492793768e+02
1.001156552261165160e+02
1.002262004710197516e+02
1.002863057290322502e+02
1.003420966334681310e+02
1.004140827235136868e+02
1.004708639090672051e+02
1.004922096520305388e+02
1.005082186771492303e+02
1.004764102699220842e+02
1.004665815411237588e+02
1.004630854807269316e+02
1.004108760692251678e+02
1.003808454742428609e+02
1.002795073186926373e+02
1.001953063632546872e+02
1.000569369995419180e+02
9.998120060055708791e+01
1.000000000000000000e+02
9.994708591455159308e+01
9.996412427670530576e+01
9.991605400778446722e+01
9.993782780741470617e+01
9.996015857130360871e+01
9.998812810421246411e+01
9.999684125264353440e+01
1.000624960351044024e+02
1.001067497217692335e+02
1.000926309781838199e+02
1.000903101697589364e+02
1.001093347625269701e+02
1.000391262009788278e+02
1.001201638172186392e+02
1.002230040438115424e+02
1.001390026064369749e+02
1.001046942475119010e+02
1.001363591713487722e+02
1.002196541983850580e+02
1.002956404558710659e+02
1.003965891772579795e+02
1.004085113361896902e+02
1.003084356799391657e+02
1.002637667426638615e+02
1.002536810023810574e+02
1.002499102895139487e+02
1.001944023460469566e+02
1.001431787359438772e+02
1.001112925480656486e+02
1.000507135905007345e+02
1.000362449294853491e+02
1.000439718433910912e+02
1.000603765800684357e+02
1.000612826001031692e+02
1.000174225543553774e+02
9.997196056557004340e+01
9.988624636491528008e+01
9.993089950461701676e+01
9.996141885056806586e+01
9.995048675978685537e+01
9.988168263805931701e+01
9.985634823013654682e+01
9.981987570896690443e+01
9.978470801830980008e+01
9.968273341335532223e+01
9.963930934857182820e+01
9.952208389445186754e+01
9.943365537640939067e+01
9.939744682202193360e+01
9.928109563125950388e+01
9.927365341828141254e+01
9.924890598552588017e+01
9.929937462448903318e+01
9.919160058507448241e+01
9.918305642761320939e+01
9.910527668124890965e+01
9.900110752138421333e+01
9.888742680711170863e+01
9.877989427869367489e+01
9.866389774793714196e+01
9.847673212772012619e+01
9.836366136899363255e+01
9.817474375056173130e+01
9.801419909019297450e+01
9.781969246129312978e+01
9.763564769454092129e+01
9.735941558496224957e+01
9.707238416713848039e+01
9.672743114150802057e+01
9.630975951207567221e+01
9.588213903766454393e+01
9.538089222753677632e+01
9.476621034180055858e+01
9.403025667259987586e+01
9.322499591864087165e+01
9.230279621966008108e+01
9.136787744257024713e+01
9.018172719957307493e+01
8.880978934324599550e+01
8.717069527749144697e+01
8.533458302139817420e+01
8.312580834575412325e+01
8.043643260456722999e+01
7.725644781343915213e+01
7.349838171281555788e+01
6.939174218162295915e+01
6.489412206185906484e+01
6.007415258930465995e+01
5.501458736525053439e+01
4.979984307373300112e+01
4.453519661302879484e+01
3.952019684365868102e+01
3.492691358340818653e+01
3.062404130021157300e+01
2.677600661186438202e+01
2.334795199816700162e+01
2.020974174377588639e+01
1.760029624752683475e+01
1.556083331621308474e+01
1.383279823804210196e+01
1.215571884264706881e+01
1.068017797112920420e+01
9.383405797216310518e+00
8.277349343565942874e+00
7.430920444807323832e+00
6.696513771980565188e+00
5.962873510667780153e+00
5.230523948444401938e+00
4.780246972006301220e+00
4.381708961468609331e+00
3.971048346165188203e+00
3.608917341194778139e+00
3.303229226242584193e+00
3.019251513802184483e+00
2.749640041025787962e+00
2.535826533917194592e+00
2.289726919801932326e+00
2.102707422172296337e+00
1.956516000623163887e+00
1.823317096453251240e+00
1.674412218942186392e+00
1.527708040569975889e+00
1.408375139642393359e+00
1.330840095963460978e+00
1.239930320392595098e+00
1.180649672927118754e+00
1.116442937503679733e+00
1.091825260586226420e+00
1.040985429766136727e+00
1.016305142645919757e+00
1.007794254706458670e+00
9.649231192464423623e-01
8.885026968938799508e-01
7.952553749419558615e-01
7.181856555349876992e-01
6.157045992627961928e-01
5.464175991133249921e-01
4.967723848677482734e-01
4.376891901789943251e-01
4.064073623842810457e-01
3.847393635222828290e-01
3.612720515709196278e-01
3.507117759940980295e-01
3.124064497137334917e-01
2.881231625404746532e-01
2.268886840347491551e-01
1.823900809227020359e-01
1.576115331728315250e-01
1.710790172447779756e-01
1.500100165794475415e-01
1.178528022381436363e-01
1.121830436248383023e-01
1.124977418236275950e-01
8.591087132627256429e-02
8.948617694824516355e-02
4.593703498422724296e-02
-1.520428681079133426e-02
-4.055422883501272335e-02
-9.306218854129238993e-02
-1.528454671942036935e-01
-2.071026784822036504e-01
-2.105096565780502638e-01
-1.824223372487998041e-01
-2.050114204959480879e-01
-2.705733586383661793e-01
-3.230888487154766064e-01
-3.361808539904626025e-01
-3.374979848403053539e-01
-3.726041545293942159e-01
-3.915728587426314244e-01
-4.930379870279334442e-01
-5.208869246167141531e-01
-5.148331701784897296e-01
-5.283701779585462388e-01
-5.336538331834931315e-01
-5.231589468290682721e-01
-5.684760961798491774e-01
-6.677546707469730336e-01
-7.362274628937889309e-01
-8.004221104671107589e-01
-8.279133851312854286e-01
-8.315700641620636935e-01
-8.393461476427465096e-01
-8.813458088048971018e-01
-8.606796273758151594e-01
-8.230824545274557646e-01
-8.047896676993049336e-01
-8.128527501188916871e-01
-8.484185600491196411e-01
-8.723909233536497609e-01
-9.335280406053467761e-01
-9.579841776081770011e-01
-9.572186018192433421e-01
-9.806084436321866882e-01
-9.981165316841228430e-01
-1.019545367049596640e+00
-1.046304240092787996e+00
-1.101744365454465191e+00
-9.531668697611924701e-01
-8.313648041679725376e-01
-7.267116254044977408e-01
