7.156313997534178295e-01
7.391269228642900480e-01
7.611732775438332377e-01
7.828458168828538177e-01
8.025088270579356919e-01
8.266435760731544180e-01
8.586403188164325462e-01
8.959123333899045027e-01
9.400633974025655037e-01
9.867229312274964359e-01
1.036243793806227886e+00
1.088217669769046880e+00
1.143590272355551329e+00
1.203615251253287388e+00
1.265712684247040309e+00
1.330386193733852140e+00
1.394720610849747633e+00
1.465471531779217962e+00
1.543730807203765210e+00
1.624013601303279986e+00
1.703391981875038930e+00
1.781626789589060955e+00
1.857953060147050861e+00
1.932652311557801372e+00
2.011186305308490851e+00
2.089512741532997708e+00
2.165714388399112789e+00
2.244513904183833120e+00
2.335670115399475222e+00
2.439810933724332997e+00
2.554678864518102444e+00
2.678602412020791856e+00
2.807915544051366119e+00
2.944134032490076436e+00
3.089478308133265294e+00
3.242592168702577826e+00
3.403625653097176684e+00
3.571640628051567123e+00
3.748524339912168823e+00
3.935394611918806351e+00
4.134424667234990913e+00
4.345707416278589363e+00
4.567889610731743488e+00
4.804637227040383429e+00
5.052292035937995252e+00
5.309969409858634748e+00
5.579673304455869953e+00
5.863210261645961374e+00
6.165094936298895156e+00
6.484169375900180832e+00
6.817970144601337878e+00
7.171795254154870847e+00
7.543452085581183297e+00
7.941859425909607140e+00
8.368828554540218789e+00
8.818981145436081803e+00
9.291523029104558518e+00
9.789055530040686293e+00
1.032192542436572325e+01
1.088058016118614724e+01
1.147402592017389900e+01
1.209584240752834994e+01
1.274438387710742049e+01
1.342766297462447156e+01
1.413613840767693119e+01
1.487431987071055950e+01
1.563610158311491638e+01
1.643381872657089104e+01
1.726254415070600956e+01
1.813163644825290532e+01
1.904442651621405957e+01
1.999759605372043580e+01
2.100738521102352507e+01
2.206167071130668944e+01
2.316979353500982342e+01
2.431272883889519676e+01
2.549562192053119247e+01
2.670854100737870596e+01
2.794733656523208865e+01
2.920792817141429865e+01
3.046701136274993615e+01
3.173268071555482805e+01
3.300237219211828688e+01
3.432529492858405717e+01
3.568769444885551678e+01
3.708729497717832402e+01
3.851496130711549171e+01
3.999185460842956985e+01
4.151812904441739960e+01
4.309642450826578397e+01
4.471724936754954172e+01
4.633745729497043442e+01
4.796906940489999727e+01
4.958124072051293041e+01
5.118729287909054193e+01
5.274734641070291019e+01
5.428499387327644143e+01
5.578420540510591508e+01
5.726392347294576268e+01
5.873294040087503021e+01
6.018517922333187187e+01
6.163462504827207056e+01
6.305475426440064979e+01
6.448876715059623166e+01
6.589281155020732683e+01
6.729004121868889854e+01
6.863964652296539271e+01
6.994801459445069725e+01
7.119130819811316258e+01
7.236177876116076391e+01
7.351460509522443942e+01
7.460386247808644100e+01
7.568286978523212838e+01
7.672166962136259372e+01
7.772422202133093094e+01
7.867105235961258813e+01
7.957021658809642872e+01
8.043919786131675664e+01
8.125592440938672212e+01
8.205999635789645197e+01
8.283479723317434207e+01
8.357511730787206261e+01
8.429485017290515714e+01
8.498844032034200779e+01
8.568796146310407380e+01
8.639691978509499393e+01
8.710934928934442212e+01
8.779615781230333482e+01
8.843320374953876239e+01
8.902897918012610035e+01
8.956945635875530343e+01
9.007607256689260566e+01
9.054187512902686308e+01
9.098546803262773608e+01
9.135391797765731781e+01
9.165456767388243975e+01
9.192275797026847783e+01
9.218103460802412030e+01
9.244039991956032054e+01
9.268095953828660072e+01
9.289848751717009634e+01
9.311244075797242203e+01
9.333359564299416888e+01
9.357611273429752430e+01
9.381314287184682144e+01
9.404343580579583772e+01
9.426934918676626296e+01
9.449664212302347721e+01
9.473361106342892413e+01
9.494502857995325940e+01
9.515392168642569004e+01
9.533121042528487976e+01
9.551796276181208611e+01
9.570778376167886847e+01
9.588492703191739963e+01
9.603572364981525311e+01
9.614922913599905030e+01
9.621252141814593983e+01
9.627137779912438020e+01
9.636133704325293081e+01
9.647395617408257351e+01
9.660514094663052731e+01
9.678403569250289706e+01
9.698983310411044556e+01
9.721089312798567050e+01
9.750436793284116277e+01
9.780734356641393390e+01
9.806731332514979727e+01
9.825455763543737930e+01
9.837232719146491888e+01
9.842800812064510296e+01
9.846304889181210740e+01
9.850080524443673369e+01
9.851345906370548278e+01
9.851707259341884537e+01
9.853986713613045367e+01
9.860650040333361233e+01
9.870884565955763890e+01
9.883082600266980933e+01
9.894383399731796658e+01
9.902587110954156913e+01
9.906164585628921770e+01
9.905316419967820707e+01
9.903798847843721376e+01
9.899168420016326309e+01
9.894221099109819306e+01
9.892516028523357363e+01
9.891788841478350491e+01
9.892486566947540894e+01
9.894065854551971029e+01
9.897402286050250098e+01
9.903096318008589094e+01
9.909630283553214269e+01
9.914704764098816270e+01
9.913098690203545971e+01
9.909776777699781292e+01
9.908260571085720869e+01
9.907053894943574335e+01
9.907238662385853445e+01
9.907592530132760089e+01
9.908425407654918615e+01
9.908460336844406413e+01
9.914048399650080512e+01
9.923802756207078346e+01
9.934837649065647724e+01
9.946256010584700391e+01
9.957512846199718126e+01
9.968325606802487471e+01
9.980254825135041585e+01
9.992809675580150497e+01
1.000000000000000000e+02
1.000000000000000000e+02
9.992809675580150497e+01
9.980254825135041585e+01
9.968325606802487471e+01
9.957512846199718126e+01
9.946256010584700391e+01
9.934837649065647724e+01
9.923802756207078346e+01
9.914048399650080512e+01
9.908460336844406413e+01
9.908425407654918615e+01
9.907592530132760089e+01
9.907238662385853445e+01
9.907053894943574335e+01
9.908260571085720869e+01
9.909776777699781292e+01
9.913098690203545971e+01
9.914704764098816270e+01
9.909630283553214269e+01
9.903096318008589094e+01
9.897402286050250098e+01
9.894065854551971029e+01
9.892486566947540894e+01
9.891788841478350491e+01
9.892516028523357363e+01
9.894221099109819306e+01
9.899168420016326309e+01
9.903798847843721376e+01
9.905316419967820707e+01
9.906164585628921770e+01
9.902587110954156913e+01
9.894383399731796658e+01
9.883082600266980933e+01
9.870884565955763890e+01
9.860650040333361233e+01
9.853986713613045367e+01
9.851707259341884537e+01
9.851345906370548278e+01
9.850080524443673369e+01
9.846304889181210740e+01
9.842800812064510296e+01
9.837232719146491888e+01
9.825455763543737930e+01
9.806731332514979727e+01
9.780734356641393390e+01
9.750436793284116277e+01
9.721089312798567050e+01
9.698983310411044556e+01
9.678403569250289706e+01
9.660514094663052731e+01
9.647395617408257351e+01
9.636133704325293081e+01
9.627137779912438020e+01
9.621252141814593983e+01
9.614922913599905030e+01
9.603572364981525311e+01
9.588492703191739963e+01
9.570778376167886847e+01
9.551796276181208611e+01
9.533121042528487976e+01
9.515392168642569004e+01
9.494502857995325940e+01
9.473361106342892413e+01
9.449664212302347721e+01
9.426934918676626296e+01
9.404343580579583772e+01
9.381314287184682144e+01
9.357611273429752430e+01
9.333359564299416888e+01
9.311244075797242203e+01
9.289848751717009634e+01
9.268095953828660072e+01
9.244039991956032054e+01
9.218103460802412030e+01
9.192275797026847783e+01
9.165456767388243975e+01
9.135391797765731781e+01
9.098546803262773608e+01
9.054187512902686308e+01
9.007607256689260566e+01
8.956945635875530343e+01
8.902897918012610035e+01
8.843320374953876239e+01
8.779615781230333482e+01
8.710934928934442212e+01
8.639691978509499393e+01
8.568796146310407380e+01
8.498844032034200779e+01
8.429485017290515714e+01
8.357511730787206261e+01
8.283479723317434207e+01
8.205999635789645197e+01
8.125592440938672212e+01
8.043919786131675664e+01
7.957021658809642872e+01
7.867105235961258813e+01
7.772422202133093094e+01
7.672166962136259372e+01
7.568286978523212838e+01
7.460386247808644100e+01
7.351460509522443942e+01
7.236177876116076391e+01
7.119130819811316258e+01
6.994801459445069725e+01
6.863964652296539271e+01
6.729004121868889854e+01
6.589281155020732683e+01
6.448876715059623166e+01
6.305475426440064979e+01
6.163462504827207056e+01
6.018517922333187187e+01
5.873294040087503021e+01
5.726392347294576268e+01
5.578420540510591508e+01
5.428499387327644143e+01
5.274734641070291019e+01
5.118729287909054193e+01
4.958124072051293041e+01
4.796906940489999727e+01
4.633745729497043442e+01
4.471724936754954172e+01
4.309642450826578397e+01
4.151812904441739960e+01
3.999185460842956985e+01
3.851496130711549171e+01
3.708729497717832402e+01
3.568769444885551678e+01
3.432529492858405717e+01
3.300237219211828688e+01
3.173268071555482805e+01
3.046701136274993615e+01
2.920792817141429865e+01
2.794733656523208865e+01
2.670854100737870596e+01
2.549562192053119247e+01
2.431272883889519676e+01
2.316979353500982342e+01
2.206167071130668944e+01
2.100738521102352507e+01
1.999759605372043580e+01
1.904442651621405957e+01
1.813163644825290532e+01
1.726254415070600956e+01
1.643381872657089104e+01
1.563610158311491638e+01
1.487431987071055950e+01
1.413613840767693119e+01
1.342766297462447156e+01
1.274438387710742049e+01
1.209584240752834994e+01
1.147402592017389900e+01
1.088058016118614724e+01
1.032192542436572325e+01
9.789055530040686293e+00
9.291523029104558518e+00
8.818981145436081803e+00
8.368828554540218789e+00
7.941859425909607140e+00
7.543452085581183297e+00
7.171795254154870847e+00
6.817970144601337878e+00
6.484169375900180832e+00
6.165094936298895156e+00
5.863210261645961374e+00
5.579673304455869953e+00
5.309969409858634748e+00
5.052292035937995252e+00
4.804637227040383429e+00
4.567889610731743488e+00
4.345707416278589363e+00
4.134424667234990913e+00
3.935394611918806351e+00
3.748524339912168823e+00
3.571640628051567123e+00
3.403625653097176684e+00
3.242592168702577826e+00
3.089478308133265294e+00
2.944134032490076436e+00
2.807915544051366119e+00
2.678602412020791856e+00
2.554678864518102444e+00
2.439810933724332997e+00
2.335670115399475222e+00
2.244513904183833120e+00
2.165714388399112789e+00
2.089512741532997708e+00
2.011186305308490851e+00
1.932652311557801372e+00
1.857953060147050861e+00
1.781626789589060955e+00
1.703391981875038930e+00
1.624013601303279986e+00
1.543730807203765210e+00
1.465471531779217962e+00
1.394720610849747633e+00
1.330386193733852140e+00
1.265712684247040309e+00
1.203615251253287388e+00
1.143590272355551329e+00
1.088217669769046880e+00
1.036243793806227886e+00
9.867229312274964359e-01
9.400633974025655037e-01
8.959123333899045027e-01
8.586403188164325462e-01
8.266435760731544180e-01
8.025088270579356919e-01
7.828458168828538177e-01
7.611732775438332377e-01
7.391269228642900480e-01
7.156313997534178295e-01
7.053899629781561487e-01
6.829488922942028584e-01
6.599967864444150623e-01
6.397195196914446935e-01
6.121244567629510192e-01
5.846079803306756251e-01
5.617378608184321331e-01
5.409477753763091146e-01
5.194764954967526771e-01
4.976257710312000371e-01
4.796558261012426327e-01
4.622154203915481707e-01
4.498670852261822395e-01
4.446401357308973346e-01
4.481514472640588109e-01
4.580833870084689563e-01
4.772590494367895952e-01
5.051515148786316356e-01
5.396346563331141377e-01
5.778587936831097727e-01
6.215726158072367724e-01
6.680025767400233905e-01
7.107598172793305746e-01
7.539169571876921383e-01
7.998716091561166586e-01
8.488497790301119394e-01
9.059488321888578000e-01
9.691065697954180935e-01
1.038066944783390788e+00
1.112650267178443508e+00
1.190817579681884064e+00
1.269289763202568588e+00
1.347518105644561759e+00
1.422447543033597883e+00
1.493934836153165246e+00
1.565833510073149748e+00
1.641126396073419924e+00
1.731426516096214563e+00
1.834642131699636192e+00
1.954630780881037255e+00
2.090778430002942834e+00
2.244365481602677459e+00
2.411125859372758917e+00
2.587609783334512414e+00
2.768300983069342358e+00
2.925930390270300663e+00
3.055186449554684991e+00
3.152854861756956062e+00
3.208418914424673751e+00
3.195006819070071113e+00
3.046171742411881933e+00
2.761892950991530427e+00
2.392770116054983021e+00
1.985573349872914894e+00
1.555802529049463034e+00
1.119096366332083425e+00
6.876187694279963791e-01
2.885081635610731166e-01
-5.507271800320344066e-03
-1.844971017595738727e-01
-2.379846208932505647e-01
-2.558819879427359223e-01
-2.431489025810688043e-01
