3.718992321191807893e+00
3.718992321191807893e+00
3.718992321191807893e+00
3.718992321191807893e+00
3.718992321191807893e+00
3.718992321191807893e+00
3.718992321191807893e+00
3.718992321191807893e+00
3.718992321191807893e+00
3.718992321191807893e+00
3.718992321191807893e+00
3.718992321191807893e+00
3.718992321191807893e+00
3.718992321191807893e+00
3.718992321191807893e+00
3.718992321191807893e+00
3.718992321191807893e+00
3.718992321191807893e+00
3.718992321191807893e+00
3.718992321191807893e+00
3.718992321191807893e+00
3.720700931861708138e+00
3.835766807548177226e+00
3.939947192576957580e+00
4.049409467299388332e+00
4.180834473497657022e+00
4.311234090879349168e+00
4.479079995588509000e+00
4.641423601760505058e+00
4.739128444021172726e+00
4.895293630292715470e+00
5.071643472319538937e+00
5.256424659820928547e+00
5.433490698851677791e+00
5.600202528784202549e+00
5.827732465552303509e+00
6.104760937660529407e+00
6.392592152510675696e+00
6.648473894640388515e+00
6.889915353751898230e+00
7.111615218139665018e+00
7.287639940110948622e+00
7.464680025109460715e+00
7.667930831683859694e+00
7.898891629424397820e+00
8.141496995028447259e+00
8.396522786710072239e+00
8.642675164952464684e+00
8.877929513030577979e+00
9.127660853625604531e+00
9.427854909588884169e+00
9.720270316260720023e+00
9.987706553928763498e+00
1.028102822097496905e+01
1.059249244845267057e+01
1.091834496230683271e+01
1.125999065308660363e+01
1.165572534553525941e+01
1.207479427389184679e+01
1.249427425350812193e+01
1.290311944631122110e+01
1.344883329630813051e+01
1.402114453404777983e+01
1.460428319751864379e+01
1.518466174278350422e+01
1.581300871228032889e+01
1.648940522075072579e+01
1.720775887456850128e+01
1.796302126165704749e+01
1.879128535780323261e+01
1.967008903918075902e+01
2.060537463270860314e+01
2.161224927801142215e+01
2.271979730220425608e+01
2.387877091470600277e+01
2.509278751270021957e+01
2.638234662414263809e+01
2.770730811693943707e+01
2.910592605616326622e+01
3.057681657042754964e+01
3.210825973673555467e+01
3.363770585519773704e+01
3.522225707248050242e+01
3.688230345916977626e+01
3.865648520335400207e+01
4.042247010341212388e+01
4.221601994289457593e+01
4.405192360116966199e+01
4.595721194670444731e+01
4.781594819111504790e+01
4.968449914678542711e+01
5.158080081562168573e+01
5.349104373764163256e+01
5.541030744699146027e+01
5.728055641667136655e+01
5.907387110001620556e+01
6.079976322788304088e+01
6.247957678796530701e+01
6.414626439826894000e+01
6.581703032884553295e+01
6.744631639449336546e+01
6.903317669239899601e+01
7.057071263390510296e+01
7.205139277770638273e+01
7.349993680556742959e+01
7.489187927734896277e+01
7.623415842380339313e+01
7.753158149062777227e+01
7.878625484810484636e+01
7.997037194083090128e+01
8.107832683532237183e+01
8.209796925130318357e+01
8.303288756152963401e+01
8.395753341843567341e+01
8.487305148696742663e+01
8.577217499094474817e+01
8.660577180883232984e+01
8.739475467839473311e+01
8.813198716715601222e+01
8.879042295336454060e+01
8.943046592907926140e+01
9.006200314204436097e+01
9.065352056828092486e+01
9.109594644651058104e+01
9.162679579380566963e+01
9.216057008444013832e+01
9.266872286754571064e+01
9.311016098880887171e+01
9.348875631810071241e+01
9.386614095099839972e+01
9.425257389894987625e+01
9.459534093942488653e+01
9.485316372971617227e+01
9.506165442281331934e+01
9.523855111418617980e+01
9.542778053280285633e+01
9.560886088801569827e+01
9.578211670135013378e+01
9.594838752751930144e+01
9.612352462379904239e+01
9.630318614740758676e+01
9.646860020906569844e+01
9.660621685148400672e+01
9.673307269407305853e+01
9.682456701759971907e+01
9.691803996735421833e+01
9.704839997285779418e+01
9.719207088951615958e+01
9.726787078107204820e+01
9.732975943835650412e+01
9.744514668996147577e+01
9.764322698003604728e+01
9.768837517302742413e+01
9.764085860303943321e+01
9.760909147195876301e+01
9.779360683602422455e+01
9.791354029721698282e+01
9.798071762014092201e+01
9.806880741840498672e+01
9.815997616626216882e+01
9.824704714326134081e+01
9.834307528128137221e+01
9.848861455560435729e+01
9.858265506017598057e+01
9.868599166875648621e+01
9.879773088588072483e+01
9.886898120618346297e+01
9.890641339878723670e+01
9.898283295541318694e+01
9.911400674638160524e+01
9.927755347968285093e+01
9.931353047013524815e+01
9.932304341793670233e+01
9.933694834718949096e+01
9.931666921936823655e+01
9.929074395480061810e+01
9.929287202579591565e+01
9.934119395262011665e+01
9.944495025072026806e+01
9.948000271837013031e+01
9.949665471780976134e+01
9.952557096653245594e+01
9.956297442647222340e+01
9.957034226634698371e+01
9.955551592789689153e+01
9.952483161145576673e+01
9.964141609175001690e+01
9.973201707544970418e+01
9.975645666287353208e+01
9.966687930358361314e+01
9.963465383302937539e+01
9.959101067778584593e+01
9.956634462296996446e+01
9.960913297588497528e+01
9.963016458357991212e+01
9.963061828326164004e+01
9.961605874589677967e+01
9.959563488995118519e+01
9.955130466024402836e+01
9.953489078818485325e+01
9.955962165708189104e+01
9.964711481518665437e+01
9.970037398232204851e+01
9.974769913310036884e+01
9.979592061594968300e+01
9.985190044579496771e+01
9.985840458911938811e+01
9.982687115630419328e+01
9.977175613596260462e+01
9.974755682318894401e+01
9.981416572033968748e+01
9.983944969964291261e+01
9.978731241671340513e+01
9.970318714963759987e+01
9.972076789441078404e+01
9.982837626892543881e+01
9.999838602988148750e+01
9.997951257141176029e+01
9.990292146316022581e+01
9.986051953092619726e+01
9.990119639952817465e+01
9.995050352733257171e+01
9.997640329861093278e+01
9.998772597677002238e+01
9.998979416435557255e+01
9.995999633465592638e+01
9.988805037079090710e+01
9.979593244256497542e+01
9.970403546024836317e+01
9.965065886079081281e+01
9.962420867336288666e+01
9.961123264131582289e+01
9.959533551027925569e+01
9.957951718592683221e+01
9.955601611228387071e+01
9.953479065320252062e+01
9.953358481742100139e+01
9.953017799864707627e+01
9.951178029216877974e+01
9.946339147250803592e+01
9.935168147717620002e+01
9.930758703897943462e+01
9.928579101992937694e+01
9.925885296433156668e+01
9.916463324019608194e+01
9.912262061145051462e+01
9.904221303855939595e+01
9.892490732412031207e+01
9.885058086535221378e+01
9.877828650434054225e+01
9.869731902353152009e+01
9.861462361968428070e+01
9.858596645540090719e+01
9.859493620258537305e+01
9.857682594048881697e+01
9.851510467183804565e+01
9.848007050920362815e+01
9.838570127547745869e+01
9.829328179932829812e+01
9.823344935904177078e+01
9.820501774959645047e+01
9.816329505333099803e+01
9.807084042994378592e+01
9.790339235390067074e+01
9.773864316709986610e+01
9.763297980603088888e+01
9.757068848972244268e+01
9.754017767778938719e+01
9.750562895990498191e+01
9.741974022404869515e+01
9.731931315471274502e+01
9.724614126789748525e+01
9.716549818694770124e+01
9.704233612119743668e+01
9.690153278849672347e+01
9.678118859111472716e+01
9.668671948054775100e+01
9.656840533032520568e+01
9.644127083061270866e+01
9.634172408024535628e+01
9.621363650848019233e+01
9.597655323385139070e+01
9.566241065631064089e+01
9.537447455898561088e+01
9.513854518156882989e+01
9.486800554967211951e+01
9.456627673367262332e+01
9.429819994792492821e+01
9.399099435904231825e+01
9.368177632185522441e+01
9.337544969244322601e+01
9.305165022673847375e+01
9.261862765902031924e+01
9.214774769304885638e+01
9.165993333942002153e+01
9.114128999720868762e+01
9.058144513454226399e+01
8.999126317955588661e+01
8.937519560250964901e+01
8.874143408272307454e+01
8.809067641967482132e+01
8.740523218084189239e+01
8.667091545661870100e+01
8.584637727519699979e+01
8.502718516140245697e+01
8.422274101056355278e+01
8.343877898996376530e+01
8.253300979936517479e+01
8.151323379976700778e+01
8.041795527245479036e+01
7.928247909239601654e+01
7.817629374183243840e+01
7.692638231150847616e+01
7.558653136158724806e+01
7.422773471775356313e+01
7.279076528024714321e+01
7.134348471374852352e+01
6.986844750218527622e+01
6.832574324272154342e+01
6.673449755987189747e+01
6.512569967915010238e+01
6.350793240752093993e+01
6.189304571381546793e+01
6.023656866211373284e+01
5.855090081237091226e+01
5.683159734736756974e+01
5.505684867973350549e+01
5.320040802744128428e+01
5.134182328570834386e+01
4.949930811894805061e+01
4.767770610491817962e+01
4.583261220423444371e+01
4.398926931966754239e+01
4.216359654216647357e+01
4.040485440890540758e+01
3.862632660849247657e+01
3.685326436702835906e+01
3.509798205024554818e+01
3.337918476129484446e+01
3.173542880854907722e+01
3.014752338809772425e+01
2.861102535521078494e+01
2.716888855995568264e+01
2.581638261858664052e+01
2.448846086963114743e+01
2.314535411933027476e+01
2.189604482099004201e+01
2.074496527442294891e+01
1.966551096472427318e+01
1.863717088629289620e+01
1.770513525819710665e+01
1.681701353405505728e+01
1.595404718210419759e+01
1.509532104003641884e+01
1.430728942761225753e+01
1.358403737089458829e+01
1.291756064059714149e+01
1.230006440800851131e+01
1.170281444731094567e+01
1.113680921319816797e+01
1.060822733898681847e+01
1.013120723775222487e+01
9.708577543949651556e+00
9.282398064250445557e+00
8.844437768917007503e+00
8.391893400420240567e+00
7.987576882126340649e+00
7.598333008029486635e+00
7.213447828389628391e+00
6.816554339200100010e+00
6.466340961494533524e+00
6.111560857411434178e+00
5.756784598413152487e+00
5.491821947118238789e+00
5.189438825123930954e+00
4.921840689460444729e+00
4.701348331920823576e+00
4.429563814593491244e+00
4.135237442820268505e+00
3.876945064731454060e+00
3.676425873336604866e+00
3.457881687577880392e+00
3.250094115585771437e+00
3.060385203050394409e+00
2.894782549117955295e+00
2.768128867605082366e+00
2.638026928883530964e+00
2.493863822407154984e+00
2.326815553162966399e+00
2.162705662391651629e+00
2.018048377536451277e+00
1.892949766479303575e+00
1.788525609394759464e+00
1.704710803998361168e+00
1.602774667898328120e+00
1.522531575340641430e+00
1.522531575340641430e+00
1.522531575340641430e+00
1.522531575340641430e+00
1.522531575340641430e+00
1.522531575340641430e+00
1.522531575340641430e+00
1.522531575340641430e+00
1.522531575340641430e+00
1.522531575340641430e+00
1.522531575340641430e+00
1.522531575340641430e+00
1.522531575340641430e+00
1.522531575340641430e+00
1.522531575340641430e+00
1.522531575340641430e+00
1.522531575340641430e+00
1.522531575340641430e+00
1.522531575340641430e+00
1.522531575340641430e+00
1.522531575340641430e+00
1.522531575340641430e+00
1.522531575340641430e+00
1.522531575340641430e+00
1.522531575340641430e+00
1.522531575340641430e+00
1.522531575340641430e+00
1.522531575340641430e+00
1.522531575340641430e+00
1.522531575340641430e+00
1.522531575340641430e+00
1.522531575340641430e+00
1.522531575340641430e+00
1.522531575340641430e+00
1.522531575340641430e+00
1.522531575340641430e+00
1.522531575340641430e+00
1.522531575340641430e+00
1.522531575340641430e+00
1.522531575340641430e+00
1.522531575340641430e+00
1.522531575340641430e+00
1.522531575340641430e+00
1.522531575340641430e+00
1.522531575340641430e+00
1.522531575340641430e+00
1.522531575340641430e+00
1.522531575340641430e+00
1.522531575340641430e+00
1.522531575340641430e+00
1.522531575340641430e+00
1.522531575340641430e+00
1.522531575340641430e+00
1.522531575340641430e+00
1.522531575340641430e+00
1.522531575340641430e+00
1.522531575340641430e+00
1.522531575340641430e+00
1.522531575340641430e+00
1.522531575340641430e+00
1.522531575340641430e+00
1.522531575340641430e+00
1.522531575340641430e+00
1.522531575340641430e+00
1.522531575340641430e+00
1.522531575340641430e+00
1.522531575340641430e+00
1.522531575340641430e+00
1.522531575340641430e+00
1.522531575340641430e+00
1.522531575340641430e+00
1.522531575340641430e+00
1.522531575340641430e+00
1.522531575340641430e+00
1.522531575340641430e+00
1.522531575340641430e+00
1.522531575340641430e+00
1.522531575340641430e+00
1.522531575340641430e+00
1.522531575340641430e+00
1.522531575340641430e+00
1.522531575340641430e+00
1.522531575340641430e+00
1.522531575340641430e+00
1.522531575340641430e+00
1.522531575340641430e+00
1.522531575340641430e+00
1.522531575340641430e+00
1.522531575340641430e+00
1.522531575340641430e+00
