2.046098411327290645e+00
2.730832009048019593e+00
3.418502284034712790e+00
3.427905050197289416e+00
3.440373889235505356e+00
3.454491257650327274e+00
3.467868315946828872e+00
3.477596779278786965e+00
3.480705856750815563e+00
3.474077410883132710e+00
3.454975442830162446e+00
3.421198469282719312e+00
3.371610281816224575e+00
3.306428968517931111e+00
3.227470163419487115e+00
3.137727647739249726e+00
3.041218664244816239e+00
2.942561614554210614e+00
2.846413190570799667e+00
2.757372801528421125e+00
2.679550165920351557e+00
2.616242491965975248e+00
2.569324345791218711e+00
2.539149087482616363e+00
2.524236956790102404e+00
2.521854314465672875e+00
2.528571209673867060e+00
2.540910727776125366e+00
2.555805298860407415e+00
2.570991882479890300e+00
2.585219154437005784e+00
2.598642642491318266e+00
2.613296536495095079e+00
2.632918089581304244e+00
2.662742704838581886e+00
2.708813429124734107e+00
2.777212323452524778e+00
2.873373789499369835e+00
3.001997397745035379e+00
3.166634149256204012e+00
3.369436780621768435e+00
3.610798825980495508e+00
3.889191409425445833e+00
4.201222282007051056e+00
4.542371078020710939e+00
4.907490548070707170e+00
5.291532212344542963e+00
5.689826660531270619e+00
6.098337771272165142e+00
6.514016304292725934e+00
6.935485856713994757e+00
7.363607272625674938e+00
7.801332491428575544e+00
8.253734492455249594e+00
8.726909447994401603e+00
9.227634891711632648e+00
9.762323403819266332e+00
1.033691947546282464e+01
1.095628973075450396e+01
1.162384323625244420e+01
1.234103153074068970e+01
1.310708329083856150e+01
1.391981987193199544e+01
1.477599495852434153e+01
1.567279694847733218e+01
1.660825075698489428e+01
1.758197254358593398e+01
1.859484674989562691e+01
1.964909282563054305e+01
2.074787084163472883e+01
2.189469993065618780e+01
2.309319421654519644e+01
2.434611407864960952e+01
2.565476171897678626e+01
2.701801015653132865e+01
2.843260048989950661e+01
2.989382651620244147e+01
3.139670465751758144e+01
3.293627073783228809e+01
3.450863633735396974e+01
3.611115388677973925e+01
3.774194164221238168e+01
3.939974851930311672e+01
4.108418781586145485e+01
4.279509682247052638e+01
4.453188473166597561e+01
4.629299529870110064e+01
4.807462031377261269e+01
4.987135802953952179e+01
5.167655479731178048e+01
5.348328507224028527e+01
5.528498843979801336e+01
5.707611397555819366e+01
5.885181704412363501e+01
6.060846615052420105e+01
6.234345709371198296e+01
6.405427707835904982e+01
6.573915238873554756e+01
6.739600213277361718e+01
6.902132193781768876e+01
7.060986418131838604e+01
7.215531347810966167e+01
7.365019445883322646e+01
7.508689150267386481e+01
7.645855333812409071e+01
7.775953218102158360e+01
7.898641768635047811e+01
8.013800005017927219e+01
8.121541801648629644e+01
8.222201306828952738e+01
8.316306421745406396e+01
8.404462192589964786e+01
8.487330065478970198e+01
8.565524973511597295e+01
8.639550800681220721e+01
8.709810510684448559e+01
8.776595265564644421e+01
8.840105748721907730e+01
8.900495251444885980e+01
8.957943399411037433e+01
9.012641011492588916e+01
9.064851161072982677e+01
9.114896476836736383e+01
9.163192540457306734e+01
9.210210634017198572e+01
9.256412106108670912e+01
9.302208830381357529e+01
9.347901404999164754e+01
9.393650260703111599e+01
9.439429784222382125e+01
9.485048357256827956e+01
9.530118812846379228e+01
9.574084594381785962e+01
9.616231006604368758e+01
9.655746920340344275e+01
9.691830236135990617e+01
9.723734052008661877e+01
9.750853827525580186e+01
9.772769752564660450e+01
9.789300351960973501e+01
9.800532672220718666e+01
9.806877126170289216e+01
9.809055048656024667e+01
9.808039820340879089e+01
9.804995471521968398e+01
9.801122926948366398e+01
9.797563167957181918e+01
9.795269419792907684e+01
9.794935095184169427e+01
9.796930558367833441e+01
9.801282174539534253e+01
9.807671373935160375e+01
9.815497801389476251e+01
9.824030551479360440e+01
9.832499644884487111e+01
9.840277895004778941e+01
9.846972089860921074e+01
9.852485759762703310e+01
9.857008704936039578e+01
9.860975377972040690e+01
9.864956265628572396e+01
9.869539028824704019e+01
9.875232040061638372e+01
9.882315761261214959e+01
9.890809746776263012e+01
9.900414841049234838e+01
9.910558210568014204e+01
9.920493431650886862e+01
9.929413410850330024e+01
9.936593687390008256e+01
9.941547369475284768e+01
9.944108498713990230e+01
9.944433765594799013e+01
9.943012860395560892e+01
9.940559881964682631e+01
9.937913891714218551e+01
9.935941718218447249e+01
9.935385034743333676e+01
9.936782350096491712e+01
9.940410889993634669e+01
9.946216662313716483e+01
9.953832246814268103e+01
9.962663427570608121e+01
9.971955349787255329e+01
9.980896104317157835e+01
9.988729816412231344e+01
9.994798630873725642e+01
9.998636560690967201e+01
1.000000000000000000e+02
9.998847992808686058e+01
9.995372223784367804e+01
9.989957759045319108e+01
9.983110508610172928e+01
9.975394275526149102e+01
9.967394518976382756e+01
9.959613949472402794e+01
9.952459710577656438e+01
9.946197427355542686e+01
9.940936917621444024e+01
9.936646352728531895e+01
9.933166488926698889e+01
9.930264061523863006e+01
9.927674597002561541e+01
9.925164858322298755e+01
9.922560861316907221e+01
9.919831277037457085e+01
9.917045836045230089e+01
9.914767193113736710e+01
9.913569605640539351e+01
9.913569605640539351e+01
9.914767193113736710e+01
9.917045836045231511e+01
9.919831277037457085e+01
9.922560861316907221e+01
9.925164858322298755e+01
9.927674597002561541e+01
9.930264061523863006e+01
9.933166488926698889e+01
9.936646352728531895e+01
9.940936917621444024e+01
9.946197427355542686e+01
9.952459710577656438e+01
9.959613949472399952e+01
9.967394518976382756e+01
9.975394275526147680e+01
9.983110508610172928e+01
9.989957759045320529e+01
9.995372223784369226e+01
9.998847992808687479e+01
9.999999999999998579e+01
9.998636560690967201e+01
9.994798630873725642e+01
9.988729816412231344e+01
9.980896104317157835e+01
9.971955349787255329e+01
9.962663427570608121e+01
9.953832246814270945e+01
9.946216662313716483e+01
9.940410889993633248e+01
9.936782350096491712e+01
9.935385034743333676e+01
9.935941718218447249e+01
9.937913891714218551e+01
9.940559881964682631e+01
9.943012860395560892e+01
9.944433765594800434e+01
9.944108498713990230e+01
9.941547369475286189e+01
9.936593687390006835e+01
9.929413410850330024e+01
9.920493431650886862e+01
9.910558210568014204e+01
9.900414841049234838e+01
9.890809746776263012e+01
9.882315761261214959e+01
9.875232040061638372e+01
9.869539028824706861e+01
9.864956265628570975e+01
9.860975377972040690e+01
9.857008704936039578e+01
9.852485759762704731e+01
9.846972089860921074e+01
9.840277895004776099e+01
9.832499644884487111e+01
9.824030551479359019e+01
9.815497801389476251e+01
9.807671373935158954e+01
9.801282174539534253e+01
9.796930558367833441e+01
9.794935095184169427e+01
9.795269419792907684e+01
9.797563167957181918e+01
9.801122926948366398e+01
9.804995471521965555e+01
9.808039820340880510e+01
9.809055048656026088e+01
9.806877126170292058e+01
9.800532672220721508e+01
9.789300351960974922e+01
9.772769752564661871e+01
9.750853827525580186e+01
9.723734052008661877e+01
9.691830236135990617e+01
9.655746920340344275e+01
9.616231006604367337e+01
9.574084594381785962e+01
9.530118812846379228e+01
9.485048357256829377e+01
9.439429784222380704e+01
9.393650260703111599e+01
9.347901404999164754e+01
9.302208830381357529e+01
9.256412106108670912e+01
9.210210634017198572e+01
9.163192540457306734e+01
9.114896476836736383e+01
9.064851161072982677e+01
9.012641011492588916e+01
8.957943399411038854e+01
8.900495251444887401e+01
8.840105748721907730e+01
8.776595265564645842e+01
8.709810510684448559e+01
8.639550800681220721e+01
8.565524973511597295e+01
8.487330065478970198e+01
8.404462192589964786e+01
8.316306421745404975e+01
8.222201306828952738e+01
8.121541801648626802e+01
8.013800005017927219e+01
7.898641768635046390e+01
7.775953218102158360e+01
7.645855333812409071e+01
7.508689150267386481e+01
7.365019445883322646e+01
7.215531347810966167e+01
7.060986418131838604e+01
6.902132193781767455e+01
6.739600213277361718e+01
6.573915238873553335e+01
6.405427707835906403e+01
6.234345709371198296e+01
6.060846615052420105e+01
5.885181704412363501e+01
5.707611397555819366e+01
5.528498843979801336e+01
5.348328507224028527e+01
5.167655479731178048e+01
4.987135802953952179e+01
4.807462031377261269e+01
4.629299529870110064e+01
4.453188473166598271e+01
4.279509682247053348e+01
4.108418781586145485e+01
3.939974851930310962e+01
3.774194164221238168e+01
3.611115388677975346e+01
3.450863633735397684e+01
3.293627073783228809e+01
3.139670465751758144e+01
2.989382651620244147e+01
2.843260048989950661e+01
2.701801015653133575e+01
2.565476171897678626e+01
2.434611407864960952e+01
2.309319421654519289e+01
2.189469993065618780e+01
2.074787084163472883e+01
1.964909282563054305e+01
1.859484674989563402e+01
1.758197254358593398e+01
1.660825075698489428e+01
1.567279694847733218e+01
1.477599495852434153e+01
1.391981987193199899e+01
1.310708329083856150e+01
1.234103153074068970e+01
1.162384323625244420e+01
1.095628973075450396e+01
1.033691947546282464e+01
9.762323403819266332e+00
9.227634891711632648e+00
8.726909447994399827e+00
8.253734492455249594e+00
7.801332491428575544e+00
7.363607272625675826e+00
6.935485856713994757e+00
6.514016304292725934e+00
6.098337771272165142e+00
5.689826660531270619e+00
5.291532212344542963e+00
4.907490548070707170e+00
4.542371078020710939e+00
4.201222282007051056e+00
3.889191409425445833e+00
3.610798825980495508e+00
3.369436780621769323e+00
3.166634149256204012e+00
3.001997397745035379e+00
2.873373789499369391e+00
2.777212323452524778e+00
2.708813429124734551e+00
2.662742704838581886e+00
2.632918089581304244e+00
2.613296536495095079e+00
2.598642642491318266e+00
2.585219154437005784e+00
2.570991882479890300e+00
2.555805298860407415e+00
2.540910727776125810e+00
2.528571209673866615e+00
2.521854314465672875e+00
2.524236956790102848e+00
2.539149087482616807e+00
2.569324345791218711e+00
2.616242491965975248e+00
2.679550165920351557e+00
2.757372801528420680e+00
2.846413190570800555e+00
2.942561614554210614e+00
3.041218664244816239e+00
3.137727647739250170e+00
3.227470163419486671e+00
3.306428968517931111e+00
3.371610281816225019e+00
3.421198469282719312e+00
3.454975442830162446e+00
3.474077410883132266e+00
3.480705856750815563e+00
3.477596779278786965e+00
3.467868315946828872e+00
3.454491257650327274e+00
3.440373889235505356e+00
3.427905050197289416e+00
3.418502284034712790e+00
3.412593853624139140e+00
3.409393666341954621e+00
3.406742919115787860e+00
3.401458519084932242e+00
3.389992513404926022e+00
3.368823882004481352e+00
3.335165995390255933e+00
3.287162027862386982e+00
3.224271128134369668e+00
3.147467600602757987e+00
3.059211164492805946e+00
2.963157081295903161e+00
2.864099278217230538e+00
2.767234627567285443e+00
2.677347155905646758e+00
2.598139445803576031e+00
2.531568188187278690e+00
2.477855122204708049e+00
2.435695697041488472e+00
2.402786088911652573e+00
2.376089481767820200e+00
2.352571379856320366e+00
2.329542990011285841e+00
2.305412200251288013e+00
2.280245645045894332e+00
2.255950038744169106e+00
2.236213297930524480e+00
2.225622506145191082e+00
2.228785508756934153e+00
2.249483932049357815e+00
2.290566595890670243e+00
2.353573580238030427e+00
2.438773600251148643e+00
2.545016484855117778e+00
2.669402025957098079e+00
2.807847772326402147e+00
2.955720711318473803e+00
3.108859745539540587e+00
3.264416426997065468e+00
3.421554579830052845e+00
3.580914143501200630e+00
3.744182658737348568e+00
3.913711712142372345e+00
4.091586064728565120e+00
4.279530466892194518e+00
4.478022750332847579e+00
4.685766437274012652e+00
4.899500408444213306e+00
5.114138675426622704e+00
5.322714675493534386e+00
5.517651176496571885e+00
5.692386783435647857e+00
5.841660015292783115e+00
5.963328097775213443e+00
6.058617200518977342e+00
6.132093877728732600e+00
6.188833611337915208e+00
6.233700381339035701e+00
6.269969192725648455e+00
6.289843237115920083e+00
6.284261270535776767e+00
6.243167806093923744e+00
6.155568185908616208e+00
5.939901488759194770e+00
5.605351561718814324e+00
5.159294429183890252e+00
4.610926698518398759e+00
3.437114236394162692e+00
2.386917577359914944e+00
