6.345454460220384618e+00
6.345454460220384618e+00
6.345454460220384618e+00
6.345454460220384618e+00
6.345454460220384618e+00
6.345454460220384618e+00
6.345454460220384618e+00
6.345454460220384618e+00
6.345454460220384618e+00
6.345454460220384618e+00
6.345454460220384618e+00
6.345454460220384618e+00
6.345454460220384618e+00
6.345454460220384618e+00
6.345454460220384618e+00
6.345454460220384618e+00
6.345454460220384618e+00
6.345454460220384618e+00
6.345454460220384618e+00
6.345454460220384618e+00
6.345454460220384618e+00
6.345454460220384618e+00
6.345454460220384618e+00
6.345454460220384618e+00
6.345454460220384618e+00
6.345454460220384618e+00
6.398586112311622998e+00
6.472136436206678667e+00
6.552054568055858397e+00
6.617262513809587077e+00
6.673964673171315809e+00
6.731019607614737055e+00
6.793526007833381897e+00
6.871548414959334217e+00
6.958600198578533735e+00
7.054058913582819557e+00
7.158459245835081752e+00
7.283931616592820291e+00
7.433677611826147391e+00
7.608194290621788980e+00
7.809063498956928306e+00
8.043637619366696967e+00
8.290123344549007456e+00
8.546897576180285228e+00
8.812700237652947521e+00
9.093072731482648052e+00
9.374366193962538674e+00
9.661073591310804787e+00
9.960652385579331636e+00
1.026883668277543649e+01
1.059094235829486585e+01
1.093049237579860744e+01
1.129497485077850349e+01
1.173209798528269587e+01
1.219372093885434261e+01
1.267015572785688882e+01
1.315218509614843079e+01
1.365804065924269750e+01
1.418507270784841801e+01
1.473598298209249435e+01
1.532262181593002026e+01
1.593673136634391518e+01
1.658802764936502072e+01
1.728305044098394205e+01
1.804097293617778419e+01
1.883631296849653936e+01
1.966523383693160199e+01
2.052918670989616601e+01
2.144093434313770530e+01
2.240080230375631132e+01
2.340479624684291338e+01
2.445509740355544182e+01
2.557364650274970685e+01
2.674160220285212830e+01
2.795285950129432351e+01
2.920715910787581748e+01
3.052334707182279772e+01
3.186691929135762180e+01
3.324579564068172743e+01
3.466814035804144112e+01
3.616465294778035400e+01
3.769419810537795001e+01
3.925809929325846070e+01
4.085933604031480115e+01
4.249157498531170063e+01
4.412402004278123968e+01
4.575884329626951086e+01
4.739952546887190010e+01
4.904713920300466867e+01
5.069249302252963929e+01
5.233357454119094143e+01
5.396742491975620482e+01
5.562628748102507359e+01
5.728891776211539621e+01
5.894945832114261464e+01
6.059915791520442951e+01
6.223535854449869476e+01
6.384784794437332778e+01
6.542920022854647755e+01
6.695967737558292754e+01
6.843121724558591268e+01
6.985257226678943709e+01
7.122601284818055944e+01
7.255232646620912362e+01
7.384453775130528186e+01
7.510086638391440772e+01
7.631746466490513114e+01
7.747836963204284189e+01
7.860374621528454497e+01
7.970338399185665423e+01
8.077792805842220503e+01
8.180924435525656691e+01
8.279255554174096687e+01
8.373471198893783196e+01
8.463789670252292296e+01
8.550924303324869413e+01
8.636149623345109205e+01
8.717572686484216149e+01
8.793738530320457869e+01
8.863801444459092238e+01
8.930784703719642437e+01
8.994982696034423952e+01
9.056522908869537503e+01
9.114041548231574552e+01
9.169845407039890972e+01
9.223586842203079073e+01
9.274761679247698964e+01
9.321022499078407009e+01
9.364757591586499075e+01
9.405517765930014207e+01
9.442283047769059579e+01
9.475398666858593799e+01
9.507485138396354785e+01
9.538871385877396847e+01
9.569759784887628484e+01
9.600885774345793777e+01
9.630694993252443226e+01
9.658392391204418459e+01
9.682229515390994834e+01
9.703050868196129386e+01
9.722672906013640670e+01
9.741736621583631006e+01
9.761329335481040914e+01
9.780238047890998132e+01
9.796575678277129384e+01
9.809998516233453358e+01
9.821133154927250075e+01
9.830166066780856227e+01
9.839283593527153471e+01
9.849086070193403941e+01
9.858706605023704128e+01
9.868323218702684585e+01
9.877417031327772179e+01
9.885660263816075144e+01
9.892245872588345890e+01
9.895213072413542932e+01
9.895798509647238461e+01
9.894782465194496979e+01
9.895444762373519154e+01
9.897587330277907824e+01
9.899611404081016985e+01
9.900289693829471105e+01
9.899288094650420078e+01
9.898388258776894588e+01
9.898364093070128433e+01
9.900042690869116768e+01
9.904410070588424730e+01
9.909909980598314405e+01
9.915970839970933071e+01
9.921900948728038827e+01
9.926550425490145813e+01
9.930894384361684502e+01
9.935339059476413581e+01
9.940509004177327768e+01
9.947302992195605498e+01
9.953705665886940324e+01
9.958893307098530556e+01
9.961327896450721653e+01
9.960726783928450345e+01
9.960596306068140393e+01
9.962264197405114885e+01
9.968288557690402740e+01
9.971623141449586569e+01
9.973015165054418674e+01
9.973181853927634677e+01
9.974435827007302180e+01
9.976379418562490287e+01
9.977612881123044986e+01
9.977832262812333397e+01
9.977711515909417983e+01
9.978973868344441200e+01
9.980928126027140479e+01
9.983480614809023734e+01
9.987947031048388169e+01
9.991051495501301360e+01
9.991919572220831469e+01
9.990223486120795826e+01
9.989118242315383611e+01
9.990746261549216456e+01
9.993226755702025343e+01
9.995286791666704573e+01
9.995672649530817466e+01
9.997008891204357894e+01
9.998639715630626768e+01
9.999995079744257964e+01
9.998318279702513678e+01
9.996624871316936378e+01
9.995061017600940545e+01
9.993795343329463776e+01
9.993250588954137470e+01
9.993874950760887543e+01
9.995465356296647030e+01
9.997751205310569844e+01
9.996313634205343135e+01
9.993679303865251029e+01
9.991181679573580254e+01
9.991148306572209492e+01
9.994014529843121863e+01
9.996636577531600665e+01
9.998235686602237138e+01
9.997720937309412648e+01
9.994992370197257969e+01
9.991764101179995805e+01
9.988527119459905634e+01
9.985908410321574991e+01
9.984963983681744537e+01
9.984445195592016375e+01
9.983856682799260795e+01
9.982305332204013837e+01
9.980225257638733183e+01
9.978405295222620452e+01
9.977179142080953511e+01
9.976928982977291582e+01
9.975841688661589046e+01
9.973488447662447243e+01
9.969564434095016736e+01
9.963441204452941236e+01
9.956673812398548762e+01
9.950790247322269977e+01
9.946742369641047787e+01
9.944210586566755694e+01
9.942487129782068678e+01
9.940950990763198547e+01
9.939080138456553470e+01
9.933160080066377873e+01
9.927504665633797742e+01
9.922878993728491537e+01
9.920143825247428992e+01
9.918276860427245367e+01
9.915084322392027616e+01
9.910438419112004738e+01
9.904133456655938517e+01
9.897459308039086068e+01
9.889991807864521434e+01
9.881440209200003721e+01
9.871230344697666226e+01
9.861127749096495165e+01
9.851567372085561658e+01
9.842469632508557709e+01
9.833569685470061472e+01
9.824178942491580813e+01
9.813928978349501620e+01
9.802418356976613723e+01
9.788472120422852640e+01
9.773855491026021980e+01
9.760674692634020744e+01
9.749201363680779764e+01
9.738565464214870815e+01
9.726238985406419602e+01
9.713028134398750524e+01
9.699280623238396970e+01
9.685708280659788727e+01
9.670615666621471007e+01
9.654169696049676475e+01
9.636224535648025835e+01
9.615265998754684063e+01
9.591542419211461379e+01
9.566886118860743693e+01
9.542334794706475520e+01
9.519327741542127796e+01
9.495529415838818466e+01
9.470398572142681815e+01
9.443497078565673064e+01
9.415184363214169139e+01
9.386073452444604470e+01
9.355523792332274979e+01
9.322871763370777387e+01
9.284091362172674167e+01
9.241008957864175954e+01
9.194707600075957998e+01
9.146328710343490798e+01
9.096995841048325815e+01
9.046852473613600409e+01
8.995483940061809847e+01
8.942108228512248047e+01
8.885648703058890874e+01
8.827076972914747444e+01
8.766326023269216705e+01
8.702881805223690037e+01
8.636272075049303965e+01
8.565574513449951155e+01
8.490255434323231043e+01
8.408818194139799118e+01
8.323729459803220720e+01
8.235498316702812360e+01
8.143693992831563833e+01
8.046174533714670929e+01
7.945111206810371129e+01
7.840881525771968086e+01
7.733677407649739166e+01
7.624141259731977982e+01
7.509683229536049964e+01
7.391014866764386682e+01
7.268416943299328636e+01
7.142941700785169701e+01
7.013999065526796528e+01
6.881172471048235195e+01
6.744028151855290787e+01
6.601704967100043575e+01
6.456930144279449735e+01
6.310199049743895472e+01
6.161634674698739644e+01
6.009046064518898334e+01
5.853549578669900910e+01
5.695670153318629048e+01
5.535738998997737070e+01
5.375221348096098950e+01
5.215378307787889156e+01
5.055778108604695120e+01
4.895957116883283078e+01
4.733035333630885333e+01
4.568915433673934245e+01
4.404978286842446522e+01
4.243158078196857019e+01
4.087003004432067854e+01
3.933093527996040706e+01
3.781129869897250018e+01
3.631155295789754689e+01
3.485101161683753190e+01
3.341639668661027684e+01
3.201117976134931098e+01
3.065030046958903043e+01
2.935671135152076516e+01
2.810384282189500738e+01
2.688707642001523723e+01
2.570796088543621494e+01
2.458109982881315503e+01
2.349720811144084109e+01
2.245334947375673806e+01
2.144563503814221050e+01
2.048189334786804494e+01
1.956478787220990867e+01
1.869757149608183155e+01
1.788957972854533907e+01
1.710553632905043742e+01
1.634137183728533316e+01
1.559865768382038809e+01
1.490227325979408590e+01
1.424237897355385130e+01
1.361314146909872669e+01
1.301351814487615144e+01
1.245670144930175383e+01
1.192891873237415190e+01
1.142540445202979527e+01
1.094364773005530367e+01
1.047375499045795522e+01
1.000015736367694075e+01
9.534351210940879895e+00
9.087871664216230272e+00
8.688052996227490610e+00
8.311511313699902814e+00
7.950793492134657470e+00
7.597651888715494906e+00
7.242350544445697480e+00
6.877280712367281446e+00
6.508135933186213862e+00
6.144857004107253218e+00
5.800242207118157189e+00
5.477051056329491630e+00
5.172358255436460439e+00
4.880692015943679074e+00
4.597591099190092123e+00
4.328361528934965285e+00
4.076738143515743928e+00
3.852717465591464663e+00
3.640995036984515210e+00
3.423968163660664921e+00
3.200610439502953763e+00
2.981071222351790784e+00
2.783513957244347470e+00
2.597564689190984044e+00
2.419553205547225971e+00
2.244477549586072040e+00
2.066769926201372343e+00
1.883005208525192709e+00
1.692807062631541903e+00
1.504929542300697420e+00
1.349036551796426675e+00
1.219861165249655377e+00
1.121209837558937439e+00
1.121209837558937439e+00
1.121209837558937439e+00
1.121209837558937439e+00
1.121209837558937439e+00
1.121209837558937439e+00
1.121209837558937439e+00
1.121209837558937439e+00
1.121209837558937439e+00
1.121209837558937439e+00
1.121209837558937439e+00
1.121209837558937439e+00
1.121209837558937439e+00
1.121209837558937439e+00
1.121209837558937439e+00
1.121209837558937439e+00
1.121209837558937439e+00
1.121209837558937439e+00
1.121209837558937439e+00
1.121209837558937439e+00
1.121209837558937439e+00
1.121209837558937439e+00
1.121209837558937439e+00
1.121209837558937439e+00
1.121209837558937439e+00
1.121209837558937439e+00
1.121209837558937439e+00
1.121209837558937439e+00
1.121209837558937439e+00
1.121209837558937439e+00
1.121209837558937439e+00
1.121209837558937439e+00
1.121209837558937439e+00
1.121209837558937439e+00
1.121209837558937439e+00
1.121209837558937439e+00
1.121209837558937439e+00
1.121209837558937439e+00
1.121209837558937439e+00
1.121209837558937439e+00
1.121209837558937439e+00
1.121209837558937439e+00
1.121209837558937439e+00
1.121209837558937439e+00
1.121209837558937439e+00
1.121209837558937439e+00
1.121209837558937439e+00
1.121209837558937439e+00
1.121209837558937439e+00
1.121209837558937439e+00
1.121209837558937439e+00
1.121209837558937439e+00
1.121209837558937439e+00
1.121209837558937439e+00
1.121209837558937439e+00
1.121209837558937439e+00
1.121209837558937439e+00
1.121209837558937439e+00
1.121209837558937439e+00
1.121209837558937439e+00
1.121209837558937439e+00
1.121209837558937439e+00
1.121209837558937439e+00
1.121209837558937439e+00
1.121209837558937439e+00
1.121209837558937439e+00
1.121209837558937439e+00
1.121209837558937439e+00
1.121209837558937439e+00
1.121209837558937439e+00
1.121209837558937439e+00
1.121209837558937439e+00
1.121209837558937439e+00
1.121209837558937439e+00
1.121209837558937439e+00
1.121209837558937439e+00
1.121209837558937439e+00
1.121209837558937439e+00
1.121209837558937439e+00
1.121209837558937439e+00
1.121209837558937439e+00
1.121209837558937439e+00
1.121209837558937439e+00
1.121209837558937439e+00
1.121209837558937439e+00
1.121209837558937439e+00
