-2.642660677273678815e-01
-2.642660677273960257e-01
-2.642660677274254466e-01
-2.642660677274215053e-01
-2.642660677268535152e-01
-2.642660677246173595e-01
-2.642660677243695577e-01
-2.642660677243271472e-01
-2.642660677243131029e-01
-2.642660677242534839e-01
-2.642660677238789502e-01
-2.642660677239035971e-01
-2.642660677244718093e-01
-2.642660677278247383e-01
-2.642660677280485038e-01
-2.642660677277528514e-01
-2.642660677257681057e-01
-2.642660677222292698e-01
-2.642660677205656561e-01
-2.642660677092222854e-01
-2.642660676757846994e-01
-2.407076614645443091e-01
-1.866248347131330143e-01
-1.191996214605341581e-01
-4.230855784302377243e-02
4.902098278228789185e-02
1.403611512753739077e-01
2.141502566502983818e-01
2.948685527832168307e-01
3.646388972512115689e-01
4.015983485814855203e-01
4.192754103806806132e-01
4.309929755447530764e-01
4.382573830443838303e-01
4.653254580055475875e-01
5.300692296347625510e-01
6.017015705306710815e-01
6.820018355573820301e-01
7.840444562839660181e-01
8.904918208433736382e-01
9.662154807410354707e-01
1.034263092221014979e+00
1.085730395259644876e+00
1.138821742524965597e+00
1.167953748610297993e+00
1.187963173039071840e+00
1.207863985228053050e+00
1.259754067496275276e+00
1.339201165718034270e+00
1.430530776123474235e+00
1.527516904945461995e+00
1.609409006397847675e+00
1.703563487033333823e+00
1.772047644340849715e+00
1.792570977585971059e+00
1.767127166204127242e+00
1.732382410278330509e+00
1.684042351662777826e+00
1.629556140310257195e+00
1.577673222195267622e+00
1.522127553994233828e+00
1.471461941681425856e+00
1.436706615786591534e+00
1.442856129835976997e+00
1.485426215520054605e+00
1.550867234479916812e+00
1.614483229926354513e+00
1.661568275493042979e+00
1.780231827741996620e+00
1.919582621446304982e+00
2.091015169079489144e+00
2.309743650757987599e+00
2.571469752554171873e+00
2.818607851917393159e+00
3.124272065576853663e+00
3.532378153248128871e+00
3.968879078248455095e+00
4.566728093744455208e+00
5.254368102734876089e+00
5.919409916798877624e+00
6.703058400235116565e+00
7.794712243342530655e+00
8.947822918025140737e+00
1.039873602227687854e+01
1.199440676858596788e+01
1.412066198757826818e+01
1.658664915069136470e+01
1.962405995171943118e+01
2.293066404077811171e+01
2.697160338364990650e+01
3.151541210954835748e+01
3.631029351341229727e+01
4.163682182074325766e+01
4.707490272711327606e+01
5.261875704941917320e+01
5.839679564718468185e+01
6.429220388379678752e+01
6.949384411260133732e+01
7.440763117395725601e+01
7.892890825116603537e+01
8.293520712396670547e+01
8.630954253443388779e+01
8.928576907936351859e+01
9.147891575732246849e+01
9.311901817407176907e+01
9.440671787733143105e+01
9.536077282314020920e+01
9.614067641509764428e+01
9.666583973839169630e+01
9.704324872676075131e+01
9.725246104018896176e+01
9.740769083527479211e+01
9.754868289868558406e+01
9.764007595801477635e+01
9.771911566040490982e+01
9.770432372607031368e+01
9.770896542517893124e+01
9.770941968311068138e+01
9.770256286585731687e+01
9.766387626678772449e+01
9.759501920338379932e+01
9.762020460551836720e+01
9.766302732199740433e+01
9.774247035739662692e+01
9.777909548485031621e+01
9.777956112794056764e+01
9.778851100619668557e+01
9.782218029944216653e+01
9.786378602402385241e+01
9.783309863327130529e+01
9.780171610029641727e+01
9.773500896930444526e+01
9.769053070303101549e+01
9.766022459682235990e+01
9.765787494425836712e+01
9.766062015005849162e+01
9.771629651924122584e+01
9.784847345479403202e+01
9.798017763230954813e+01
9.814752000804440968e+01
9.831345630617738607e+01
9.852846875767896506e+01
9.872195280931236994e+01
9.890785788954059399e+01
9.906477823184329168e+01
9.920365820444963845e+01
9.929373573318996193e+01
9.937104757698175206e+01
9.945443394595675102e+01
9.949034906121593735e+01
9.947320743202499216e+01
9.939181499453822255e+01
9.932207498718787519e+01
9.920757662763659823e+01
9.912535864769138527e+01
9.902137667480090499e+01
9.896341276244406515e+01
9.890539560472144842e+01
9.890260248785899932e+01
9.894923413738906959e+01
9.902506478261508960e+01
9.908555239639139245e+01
9.917036157714093747e+01
9.924489413147729522e+01
9.923529942398175763e+01
9.925453588147192363e+01
9.932133932212221339e+01
9.937896219470169967e+01
9.936893796328320150e+01
9.939093912744134229e+01
9.937500252697577707e+01
9.937787649884060670e+01
9.944929602983195593e+01
9.949625355769671842e+01
9.950399423553908207e+01
9.950047826436649245e+01
9.956047359634101213e+01
9.961968802162914471e+01
9.971142306217399209e+01
9.981250362828427569e+01
9.985589563685155667e+01
9.991091792081910228e+01
9.993792181705660482e+01
9.997781114431791138e+01
1.000049265656387547e+02
1.000000000000000000e+02
9.996046501734483058e+01
9.989598854660101779e+01
9.985525661027632793e+01
9.980498192228291998e+01
9.978860351325010924e+01
9.985598509737995698e+01
9.991050886405318465e+01
9.994246749000630814e+01
9.994246749000630814e+01
9.991050886405318465e+01
9.985598509737995698e+01
9.978860351325010924e+01
9.980498192228291998e+01
9.985525661027632793e+01
9.989598854660101779e+01
9.996046501734483058e+01
1.000000000000000000e+02
1.000049265656387547e+02
9.997781114431791138e+01
9.993792181705660482e+01
9.991091792081910228e+01
9.985589563685155667e+01
9.981250362828427569e+01
9.971142306217399209e+01
9.961968802162914471e+01
9.956047359634101213e+01
9.950047826436649245e+01
9.950399423553908207e+01
9.949625355769671842e+01
9.944929602983195593e+01
9.937787649884060670e+01
9.937500252697577707e+01
9.939093912744134229e+01
9.936893796328320150e+01
9.937896219470169967e+01
9.932133932212221339e+01
9.925453588147192363e+01
9.923529942398175763e+01
9.924489413147729522e+01
9.917036157714093747e+01
9.908555239639139245e+01
9.902506478261508960e+01
9.894923413738906959e+01
9.890260248785899932e+01
9.890539560472144842e+01
9.896341276244406515e+01
9.902137667480090499e+01
9.912535864769138527e+01
9.920757662763659823e+01
9.932207498718787519e+01
9.939181499453822255e+01
9.947320743202499216e+01
9.949034906121593735e+01
9.945443394595675102e+01
9.937104757698175206e+01
9.929373573318996193e+01
9.920365820444963845e+01
9.906477823184329168e+01
9.890785788954059399e+01
9.872195280931236994e+01
9.852846875767896506e+01
9.831345630617738607e+01
9.814752000804440968e+01
9.798017763230954813e+01
9.784847345479403202e+01
9.771629651924122584e+01
9.766062015005849162e+01
9.765787494425836712e+01
9.766022459682235990e+01
9.769053070303101549e+01
9.773500896930444526e+01
9.780171610029641727e+01
9.783309863327130529e+01
9.786378602402385241e+01
9.782218029944216653e+01
9.778851100619668557e+01
9.777956112794056764e+01
9.777909548485031621e+01
9.774247035739662692e+01
9.766302732199740433e+01
9.762020460551836720e+01
9.759501920338379932e+01
9.766387626678772449e+01
9.770256286585731687e+01
9.770941968311068138e+01
9.770896542517893124e+01
9.770432372607031368e+01
9.771911566040490982e+01
9.764007595801477635e+01
9.754868289868558406e+01
9.740769083527479211e+01
9.725246104018896176e+01
9.704324872676075131e+01
9.666583973839169630e+01
9.614067641509764428e+01
9.536077282314020920e+01
9.440671787733143105e+01
9.311901817407176907e+01
9.147891575732246849e+01
8.928576907936351859e+01
8.630954253443388779e+01
8.293520712396670547e+01
7.892890825116603537e+01
7.440763117395725601e+01
6.949384411260133732e+01
6.429220388379678752e+01
5.839679564718468185e+01
5.261875704941917320e+01
4.707490272711327606e+01
4.163682182074325766e+01
3.631029351341229727e+01
3.151541210954835748e+01
2.697160338364990650e+01
2.293066404077811171e+01
1.962405995171943118e+01
1.658664915069136470e+01
1.412066198757826818e+01
1.199440676858596788e+01
1.039873602227687854e+01
8.947822918025140737e+00
7.794712243342530655e+00
6.703058400235116565e+00
5.919409916798877624e+00
5.254368102734876089e+00
4.566728093744455208e+00
3.968879078248455095e+00
3.532378153248128871e+00
3.124272065576853663e+00
2.818607851917393159e+00
2.571469752554171873e+00
2.309743650757987599e+00
2.091015169079489144e+00
1.919582621446304982e+00
1.780231827741996620e+00
1.661568275493042979e+00
1.614483229926354513e+00
1.550867234479916812e+00
1.485426215520054605e+00
1.442856129835976997e+00
1.436706615786591534e+00
1.471461941681425856e+00
1.522127553994233828e+00
1.577673222195267622e+00
1.629556140310257195e+00
1.684042351662777826e+00
1.732382410278330509e+00
1.767127166204127242e+00
1.792570977585971059e+00
1.772047644340849715e+00
1.703563487033333823e+00
1.609409006397847675e+00
1.527516904945461995e+00
1.430530776123474235e+00
1.339201165718034270e+00
1.259754067496275276e+00
1.207863985228053050e+00
1.187963173039071840e+00
1.167953748610297993e+00
1.138821742524965597e+00
1.085730395259644876e+00
1.034263092221014979e+00
9.662154807410354707e-01
8.904918208433736382e-01
7.840444562839660181e-01
6.820018355573820301e-01
6.017015705306710815e-01
5.300692296347625510e-01
4.653254580055475875e-01
4.382573830443838303e-01
4.309929755447530764e-01
4.192754103806806132e-01
4.015983485814855203e-01
3.646388972512115689e-01
2.948685527832168307e-01
2.141502566502983818e-01
1.403611512753739077e-01
4.902098278228789185e-02
-4.230855784302377243e-02
-1.191996214605341581e-01
-1.866248347131330143e-01
-2.407076614645443091e-01
-2.642660676757846994e-01
-2.642660677092222854e-01
-2.642660677205656561e-01
-2.642660677222292698e-01
-2.642660677257681057e-01
-2.642660677277528514e-01
-2.642660677280485038e-01
-2.642660677278247383e-01
-2.642660677244718093e-01
-2.642660677239035971e-01
-2.642660677238789502e-01
-2.642660677242534839e-01
-2.642660677243131029e-01
-2.642660677243271472e-01
-2.642660677243695577e-01
-2.642660677246173595e-01
-2.642660677268535152e-01
-2.642660677274215053e-01
-2.642660677274254466e-01
-2.642660677273960257e-01
-2.642660677273678815e-01
-2.642660677274888958e-01
-2.642660677275215919e-01
-2.642660677273314662e-01
-2.642660677279785597e-01
-2.642660677279798920e-01
-2.642660677279149439e-01
-2.642660677279640158e-01
-2.642660677276571501e-01
-2.642660677271666536e-01
-2.642660677271988501e-01
-2.642660677272197223e-01
-2.642660677275148751e-01
-2.642660677274867309e-01
-2.312328092614746311e-01
-1.981995507953787927e-01
-1.651662923296158270e-01
