1.162244275757233547e+00
1.195842497131848203e+00
1.230806995669674331e+00
1.263187657508574979e+00
1.294625520618365222e+00
1.333339543203291511e+00
1.372789092238859920e+00
1.397626228184480013e+00
1.414416466081523271e+00
1.431380806901092484e+00
1.442190749208616340e+00
1.459824419775532123e+00
1.470425867170032763e+00
1.474853032817226239e+00
1.481445384572317892e+00
1.508685846534596919e+00
1.545480387317636151e+00
1.582855833784698296e+00
1.633874641529714955e+00
1.686074223156715624e+00
1.743912953610609051e+00
1.787932583611243409e+00
1.825882944375594619e+00
1.849275325844531137e+00
1.866154387080449117e+00
1.887429390084147895e+00
1.909618462638904113e+00
1.928270770978578241e+00
1.958536455832105450e+00
2.008969911142313158e+00
2.072668384158334209e+00
2.157622683822472798e+00
2.254200561007341008e+00
2.341957162884593213e+00
2.437507044538603562e+00
2.551709086081482170e+00
2.674279699069025629e+00
2.809066769627018623e+00
2.943589524487400855e+00
3.076916616601435894e+00
3.212526077777413835e+00
3.361230115182029188e+00
3.527280164139010132e+00
3.702201489226526920e+00
3.880964130885011798e+00
4.059792423313222542e+00
4.258192921609381898e+00
4.474145037745889120e+00
4.713882984506813756e+00
4.980950265779114261e+00
5.262709788344247741e+00
5.564008238367470049e+00
5.904326222067936669e+00
6.271257044298482519e+00
6.667786842827252869e+00
7.101460354463299041e+00
7.565565761125522926e+00
8.062367072533518808e+00
8.594752541990288819e+00
9.166610849806259509e+00
9.761564326290200100e+00
1.040592004512260260e+01
1.109520649793014258e+01
1.180000603739777354e+01
1.255196992418262880e+01
1.333178855530847784e+01
1.413890675963100918e+01
1.499049163895235459e+01
1.588013533378396147e+01
1.679017181823186888e+01
1.773842578854887719e+01
1.879151210923194881e+01
1.992808939146203784e+01
2.116092576934946834e+01
2.247482993928248618e+01
2.383418768638156138e+01
2.523519166668964431e+01
2.670227068017233663e+01
2.824162004754584032e+01
2.979567428711430921e+01
3.131310289676037684e+01
3.278836367852059652e+01
3.426319346481408701e+01
3.579963935225593730e+01
3.743182659786090483e+01
3.913589052036380878e+01
4.084742312046390822e+01
4.260227125798445513e+01
4.441439811279270344e+01
4.628480124061533019e+01
4.823741977010458015e+01
5.018463082426617206e+01
5.208068971309731410e+01
5.396046299146172487e+01
5.580365495617033389e+01
5.765425648614908027e+01
5.948034185731987122e+01
6.131294701199011854e+01
6.303431451179521616e+01
6.478925363691209327e+01
6.655680408334117715e+01
6.829956685604517475e+01
7.001687690136995457e+01
7.165880346310868276e+01
7.328136595811746190e+01
7.485869085632263875e+01
7.643598540487126058e+01
7.789642052906330605e+01
7.925520491694419434e+01
8.047892911179374664e+01
8.166216465497785748e+01
8.276677798180448065e+01
8.383331712767498800e+01
8.480955581884612116e+01
8.572302988198501339e+01
8.656544371878784716e+01
8.736019255537453887e+01
8.810259332440460867e+01
8.880447261590148855e+01
8.948645195598173530e+01
9.011871224196646324e+01
9.075153153048400156e+01
9.137292411561341510e+01
9.192787331019842156e+01
9.249941793502982534e+01
9.308761263800425922e+01
9.366583279889476898e+01
9.421719523107820748e+01
9.474042967765501544e+01
9.517132400768670664e+01
9.551493286335391986e+01
9.584403489254017927e+01
9.613581634711003687e+01
9.642943301956860580e+01
9.662568929708521637e+01
9.676560063508539145e+01
9.688884569493652066e+01
9.701184263722068124e+01
9.715305690437088515e+01
9.728997976499736922e+01
9.735666100041562743e+01
9.743558961489144110e+01
9.754566806314866767e+01
9.766775363250994246e+01
9.769271326477284845e+01
9.774514330051296440e+01
9.779902370489601537e+01
9.783566898151373437e+01
9.791199577213590999e+01
9.793056441931551603e+01
9.796992497290979429e+01
9.795730111706599530e+01
9.798468793254596676e+01
9.801890664327078184e+01
9.804988299341972890e+01
9.806831601292094547e+01
9.806148840550545742e+01
9.803071621684829040e+01
9.796461574639262437e+01
9.792557410650137228e+01
9.796128775701058089e+01
9.799384617027337185e+01
9.803560805156232050e+01
9.812874921900279901e+01
9.823993109529190804e+01
9.840031048851761852e+01
9.856576759153735168e+01
9.874143007727319343e+01
9.885199437584211068e+01
9.890942551153123929e+01
9.891258890185856956e+01
9.890536227315917017e+01
9.884616078574150322e+01
9.879239513975203124e+01
9.878896251411006801e+01
9.877773232774305256e+01
9.874939742783513452e+01
9.877914382013979377e+01
9.883046244878779873e+01
9.885385826423865296e+01
9.893431326037794804e+01
9.901680993894946425e+01
9.894130357308591783e+01
9.888471401053095633e+01
9.886039875243174890e+01
9.878073884207792332e+01
9.874557823873864493e+01
9.874672246993334568e+01
9.873602959925695188e+01
9.865681658857732828e+01
9.865291182820892857e+01
9.868968806799013294e+01
9.871112281865347882e+01
9.874313390979202154e+01
9.873030208066030866e+01
9.867879915623876741e+01
9.868027232453361819e+01
9.875330497240328498e+01
9.884762979195457433e+01
9.885582173161890296e+01
9.887524563508449660e+01
9.894332599923788507e+01
9.905387260267724514e+01
9.920260520447629915e+01
9.931974003159409392e+01
9.939526334512716232e+01
9.944777330269741356e+01
9.962524907308460342e+01
9.980627284070878602e+01
9.994636581700177658e+01
1.000000000000000000e+02
1.000000000000000000e+02
9.994636581700177658e+01
9.980627284070878602e+01
9.962524907308460342e+01
9.944777330269741356e+01
9.939526334512716232e+01
9.931974003159409392e+01
9.920260520447629915e+01
9.905387260267724514e+01
9.894332599923788507e+01
9.887524563508449660e+01
9.885582173161890296e+01
9.884762979195457433e+01
9.875330497240328498e+01
9.868027232453361819e+01
9.867879915623876741e+01
9.873030208066030866e+01
9.874313390979202154e+01
9.871112281865347882e+01
9.868968806799013294e+01
9.865291182820892857e+01
9.865681658857732828e+01
9.873602959925695188e+01
9.874672246993334568e+01
9.874557823873864493e+01
9.878073884207792332e+01
9.886039875243174890e+01
9.888471401053095633e+01
9.894130357308591783e+01
9.901680993894946425e+01
9.893431326037794804e+01
9.885385826423865296e+01
9.883046244878779873e+01
9.877914382013979377e+01
9.874939742783513452e+01
9.877773232774305256e+01
9.878896251411006801e+01
9.879239513975203124e+01
9.884616078574150322e+01
9.890536227315917017e+01
9.891258890185856956e+01
9.890942551153123929e+01
9.885199437584211068e+01
9.874143007727319343e+01
9.856576759153735168e+01
9.840031048851761852e+01
9.823993109529190804e+01
9.812874921900279901e+01
9.803560805156232050e+01
9.799384617027337185e+01
9.796128775701058089e+01
9.792557410650137228e+01
9.796461574639262437e+01
9.803071621684829040e+01
9.806148840550545742e+01
9.806831601292094547e+01
9.804988299341972890e+01
9.801890664327078184e+01
9.798468793254596676e+01
9.795730111706599530e+01
9.796992497290979429e+01
9.793056441931551603e+01
9.791199577213590999e+01
9.783566898151373437e+01
9.779902370489601537e+01
9.774514330051296440e+01
9.769271326477284845e+01
9.766775363250994246e+01
9.754566806314866767e+01
9.743558961489144110e+01
9.735666100041562743e+01
9.728997976499736922e+01
9.715305690437088515e+01
9.701184263722068124e+01
9.688884569493652066e+01
9.676560063508539145e+01
9.662568929708521637e+01
9.642943301956860580e+01
9.613581634711003687e+01
9.584403489254017927e+01
9.551493286335391986e+01
9.517132400768670664e+01
9.474042967765501544e+01
9.421719523107820748e+01
9.366583279889476898e+01
9.308761263800425922e+01
9.249941793502982534e+01
9.192787331019842156e+01
9.137292411561341510e+01
9.075153153048400156e+01
9.011871224196646324e+01
8.948645195598173530e+01
8.880447261590148855e+01
8.810259332440460867e+01
8.440692217617832682e+01
8.361217333959163511e+01
8.276975950278880134e+01
8.185628543964989490e+01
8.088004674847877595e+01
7.981350760260826860e+01
7.870889427578163122e+01
7.752565873259752038e+01
7.630193453774798229e+01
7.494315014986709400e+01
7.348271502567503433e+01
7.190542047712642670e+01
7.032809557892124985e+01
6.870553308391247072e+01
6.706360652217372831e+01
6.534629647684894849e+01
6.360353370414497931e+01
6.183598325771587412e+01
6.008104413259900412e+01
5.835967663279389939e+01
5.652707147812365918e+01
5.470098610695286823e+01
5.285038457697412184e+01
5.100719261226550572e+01
4.912741933390110205e+01
4.723136044506996001e+01
4.528414939090837521e+01
4.333153086141911814e+01
4.146112773359648429e+01
3.964900087878824309e+01
3.789415274126768907e+01
3.618262014116758962e+01
3.447855621866469278e+01
3.284636897305971814e+01
3.130992308561787496e+01
2.983509329932438447e+01
2.835983251756416124e+01
2.684240390791809361e+01
2.528834966834963183e+01
2.374900030097612458e+01
2.228192128749343226e+01
2.088091730718534933e+01
1.952155956008627058e+01
1.820765539015325629e+01
1.697481901226582224e+01
1.583824173003573499e+01
1.478515540935266515e+01
1.383690143903565684e+01
1.292686495458774942e+01
1.203722125975614077e+01
1.118563638043479536e+01
1.037851817611226224e+01
9.598699544986414978e+00
8.846735658201559716e+00
8.141936118733928751e+00
1.040592004512260260e+01
9.761564326290200100e+00
9.166610849806259509e+00
8.594752541990288819e+00
8.062367072533518808e+00
7.565565761125522926e+00
7.101460354463299041e+00
6.667786842827252869e+00
6.271257044298482519e+00
5.904326222067936669e+00
5.564008238367470049e+00
5.262709788344247741e+00
4.980950265779114261e+00
4.713882984506813756e+00
4.474145037745889120e+00
4.258192921609381898e+00
4.059792423313222542e+00
3.880964130885011798e+00
3.702201489226526920e+00
3.527280164139010132e+00
3.361230115182029188e+00
3.212526077777413835e+00
3.076916616601435894e+00
2.943589524487400855e+00
2.809066769627018623e+00
2.674279699069025629e+00
2.551709086081482170e+00
2.437507044538603562e+00
2.341957162884593213e+00
2.254200561007341008e+00
2.157622683822472798e+00
2.072668384158334209e+00
2.008969911142313158e+00
1.958536455832105450e+00
1.928270770978578241e+00
1.909618462638904113e+00
1.887429390084147895e+00
1.866154387080449117e+00
1.849275325844531137e+00
1.825882944375594619e+00
1.787932583611243409e+00
1.743912953610609051e+00
1.686074223156715624e+00
1.633874641529714955e+00
1.582855833784698296e+00
1.545480387317636151e+00
1.508685846534596919e+00
1.481445384572317892e+00
1.474853032817226239e+00
1.470425867170032763e+00
1.459824419775532123e+00
1.442190749208616340e+00
1.431380806901092484e+00
1.414416466081523271e+00
1.397626228184480013e+00
1.372789092238859920e+00
1.333339543203291511e+00
1.294625520618365222e+00
1.263187657508574979e+00
1.230806995669674331e+00
1.195842497131848203e+00
1.162244275757233547e+00
2.375296018378601770e-01
2.340626113628560823e-01
2.420658897513037477e-01
2.513431522390868200e-01
2.627444805417146756e-01
2.744052959705619577e-01
3.034000998113284275e-01
3.401903569424044038e-01
3.819468159311900646e-01
4.177433351309727261e-01
4.449073740836634872e-01
4.630698744398845657e-01
4.738304291518154465e-01
4.859651490009168073e-01
4.864060662746649277e-01
4.796555911499331692e-01
4.672232356960507316e-01
4.632418736888616051e-01
4.609787724370633666e-01
4.760699350161006205e-01
5.014887435732399146e-01
5.347198932463115284e-01
5.743543905343583278e-01
6.245680317962282180e-01
7.020304296299846314e-01
8.005017058259795704e-01
9.187174304428790128e-01
1.032515155962656417e+00
1.134929089460367635e+00
1.244724422060155877e+00
1.359195085466064823e+00
1.465368532686821101e+00
1.558216903060584135e+00
1.622161306665934166e+00
1.666052500194504793e+00
1.703226624433618053e+00
1.763914802459888964e+00
1.839488250250983725e+00
1.916559861960429156e+00
2.009580683683521052e+00
2.107514003925569313e+00
2.224684939591274446e+00
2.358701839437971071e+00
2.513939421885886816e+00
2.665915429115858881e+00
2.799632370187838948e+00
2.931794933941018755e+00
3.049837652354851603e+00
3.149256787539536528e+00
3.201823521767072744e+00
3.091406587834633068e+00
2.872394675132607045e+00
2.589514258575405403e+00
2.285508942113260389e+00
1.968954516475199146e+00
1.642707260968364169e+00
1.312969291972531094e+00
1.011827484359093088e+00
8.529804634814154296e-01
7.802520247796062014e-01
6.658074927532007248e-01
5.602843821964811344e-01
4.552068620646476105e-01
