1.376032395290563493e+01
1.370921236915148533e+01
1.368356861170538785e+01
1.368549162858626644e+01
1.371950851622283984e+01
1.375318609995138708e+01
1.379379270267981994e+01
1.384942210043825739e+01
1.397560671519539888e+01
1.418010681673736251e+01
1.445551153213752471e+01
1.474505783563796513e+01
1.503837927239306005e+01
1.531790944697707957e+01
1.559816282764159290e+01
1.587945752510696096e+01
1.618982500674658098e+01
1.654918159347922568e+01
1.693707336437194400e+01
1.732395938429926829e+01
1.766797233130666456e+01
1.798684226598303582e+01
1.828375707141463025e+01
1.859390152347533842e+01
1.892467174087177639e+01
1.926907788284773204e+01
1.957068354190829851e+01
1.982217493977348965e+01
2.008027965739027820e+01
2.037691976840156372e+01
2.066430392504967273e+01
2.092548643407296183e+01
2.118135335072277670e+01
2.141447478291775397e+01
2.161856020562417768e+01
2.178958298091469103e+01
2.202489988389998032e+01
2.227450575791405285e+01
2.254978640909059351e+01
2.279361957876192690e+01
2.304631590749874448e+01
2.328281357465467849e+01
2.352966631949357890e+01
2.376651853133698467e+01
2.401529581479109865e+01
2.425763219978860619e+01
2.449661330884816124e+01
2.470509023538217974e+01
2.488754218589446054e+01
2.506860487032084706e+01
2.526543541489932920e+01
2.547605679094074205e+01
2.571051460195993954e+01
2.596151704068467936e+01
2.622561715468929577e+01
2.649186608419599054e+01
2.674566214596537250e+01
2.703054307591359873e+01
2.730289826244691298e+01
2.757151093611625114e+01
2.779605175503624537e+01
2.800935300932934524e+01
2.821881985821747918e+01
2.842322381026761846e+01
2.864910263681720437e+01
2.889996866163791012e+01
2.918325128586893769e+01
2.945989194183032467e+01
2.973562484687651875e+01
3.000784504222988502e+01
3.028119050292234604e+01
3.053071902777754332e+01
3.077739845816479658e+01
3.103760027094897822e+01
3.133837206480477633e+01
3.169112827776280739e+01
3.205494325354909080e+01
3.242962409371966004e+01
3.276726204273934684e+01
3.306583366835008775e+01
3.334023436200907042e+01
3.363387881850971439e+01
3.394910791946469431e+01
3.426149592995709980e+01
3.452894459345351663e+01
3.477591329276886967e+01
3.499961895212588558e+01
3.524532181652676144e+01
3.551319723789166716e+01
3.582791508965361515e+01
3.617306793674291043e+01
3.655012220910602849e+01
3.695009131472561847e+01
3.734622252048658453e+01
3.778598305446133310e+01
3.823087351264241818e+01
3.864688739787859362e+01
3.899861376181305417e+01
3.932807366347176981e+01
3.968701495185334238e+01
4.007811131113277980e+01
4.047880539922253007e+01
4.088209227783149657e+01
4.129300436815859143e+01
4.170164437200229202e+01
4.215878703686045981e+01
4.269808144409471851e+01
4.335162739810316168e+01
4.397921561798207790e+01
4.447841416020999361e+01
4.488445288599400129e+01
4.528740719246285806e+01
4.570290689753778679e+01
4.612093406188245126e+01
4.655638848367843252e+01
4.703985215610853032e+01
4.752694513295934797e+01
4.798657274413349683e+01
4.845914726787233917e+01
4.896522283124695463e+01
4.953402604956353628e+01
5.007953570312406555e+01
5.057731533619352149e+01
5.106914514891052193e+01
5.162212589254559703e+01
5.221377397289558075e+01
5.277343533712496537e+01
5.331034213472981520e+01
5.386686654306485167e+01
5.442442745621376332e+01
5.495897315888982604e+01
5.547151554729509115e+01
5.599566175785093236e+01
5.650370342928995626e+01
5.699029811658431299e+01
5.754554992144053216e+01
5.818765234483988280e+01
5.887841792058205215e+01
5.956104171371286782e+01
6.027362623249278073e+01
6.098330149282888613e+01
6.169219840828865387e+01
6.232276851233681469e+01
6.294805607573717765e+01
6.354346703868947088e+01
6.416714893927620267e+01
6.484584748470373938e+01
6.549192291599197802e+01
6.607315816817720133e+01
6.655649952712543893e+01
6.698318043496369967e+01
6.739482056002860588e+01
6.780758385728499604e+01
6.825998402592901471e+01
6.868973692249733176e+01
6.913536756378113068e+01
6.961627955339707796e+01
7.019439173786233255e+01
7.081628224389635307e+01
7.140804256921749982e+01
7.200229275789793348e+01
7.258500239203743831e+01
7.324339344064294721e+01
7.389872283329482627e+01
7.458319754257142620e+01
7.523675175562848949e+01
7.589172918712515070e+01
7.651218545173676944e+01
7.715558414919408392e+01
7.779659831614090137e+01
7.841791973590545695e+01
7.896250765120618098e+01
7.947749191586632378e+01
7.995634807828265878e+01
8.056098718904010525e+01
8.121539722826972252e+01
8.198249990152351074e+01
8.270684612705436223e+01
8.339557196687977125e+01
8.401984468055655952e+01
8.459408754005325193e+01
8.513754292255134715e+01
8.567521345011545009e+01
8.619959455007767701e+01
8.672864065177424209e+01
8.725963866589141560e+01
8.777832644683621766e+01
8.829264086932275291e+01
8.878204690518602149e+01
8.930576234810953906e+01
8.982061222763636010e+01
9.030838801547263017e+01
9.073140959470036648e+01
9.114768557332452303e+01
9.160010239550641131e+01
9.204797076045477411e+01
9.251057903661866533e+01
9.296580133548084746e+01
9.341510547777473050e+01
9.386907983285020407e+01
9.433266603458886834e+01
9.482833658319034953e+01
9.526795811704231198e+01
9.562909787982279397e+01
9.593055099298571520e+01
9.625101520155099877e+01
9.658970744765991867e+01
9.693540953846870423e+01
9.724010234293527333e+01
9.748614734556770145e+01
9.770883225484405443e+01
9.790410975516445546e+01
9.809951779467174049e+01
9.826771842673171875e+01
9.840864537071367124e+01
9.851965901043294593e+01
9.860487174517056985e+01
9.870875195714539529e+01
9.886775485807389430e+01
9.906546159240240002e+01
9.928891235735866871e+01
9.946409698939552868e+01
9.963029907984723366e+01
9.971865080212228349e+01
9.981200081738150232e+01
9.989558725035475106e+01
9.996934136625216638e+01
1.000000000000000000e+02
9.996287432961499064e+01
9.992446894182243966e+01
9.988712936115294383e+01
9.988503120478794983e+01
9.989014135261561478e+01
9.987343044027147698e+01
9.983201317079192449e+01
9.974979378540867003e+01
9.965746554392713108e+01
9.953774066993574365e+01
9.938380006103049880e+01
9.918967873794919399e+01
9.893930194366483022e+01
9.864023852320175934e+01
9.831604975476028585e+01
9.796093386211791199e+01
9.758698677516012765e+01
9.720574334596130939e+01
9.684415252187190504e+01
9.650740788678220383e+01
9.619097444646614292e+01
9.585349061113768698e+01
9.552644253528484342e+01
9.517726882144280864e+01
9.484133474750576909e+01
9.446008964333800861e+01
9.400500207958022258e+01
9.346416120974031116e+01
9.291984829530193224e+01
9.244554406143961955e+01
9.203105753585462878e+01
9.161359535147214217e+01
9.115431491629325933e+01
9.065648926263956753e+01
9.011552333912081281e+01
8.939066509978093222e+01
8.845888677218903240e+01
8.745978453054979695e+01
8.654267309780119888e+01
8.582326715585375609e+01
8.514935989145561734e+01
8.453145598017913187e+01
8.388578264291579956e+01
8.321677245776609766e+01
8.249669552237327252e+01
8.180411078406807235e+01
8.112975948647830648e+01
8.047378660374903347e+01
7.970079333524367371e+01
7.885644129848878947e+01
7.800638426602030506e+01
7.714364129634557798e+01
7.627427747516786383e+01
7.537618343228227502e+01
7.451318402384249850e+01
7.369643069092403209e+01
7.289258185514843547e+01
7.206736400595157477e+01
7.118964747323772713e+01
7.026287945369351462e+01
6.934708519794489234e+01
6.838542737779587810e+01
6.740755664936678215e+01
6.644937183374773326e+01
6.552554233441196629e+01
6.456862865638213123e+01
6.354025875711158733e+01
6.245317433205611479e+01
6.140399492506103485e+01
6.042672993889339494e+01
5.952912853562357753e+01
5.853038809371324902e+01
5.752876544039857976e+01
5.651987817681904858e+01
5.562614619735150256e+01
5.471182135527947565e+01
5.382474486829877947e+01
5.292795636113084612e+01
5.198283724543707507e+01
5.093006122686929160e+01
4.967758734147987099e+01
4.830271156302327284e+01
4.684165010513032001e+01
4.559300563669751227e+01
4.458735231459044002e+01
4.372080069329263097e+01
4.284849906165248967e+01
4.193571439779970689e+01
4.109299816160441310e+01
4.030067362854394730e+01
3.953469845016972783e+01
3.880509727692576405e+01
3.805736734182084291e+01
3.722941371479087991e+01
3.636611568489946222e+01
3.548887508867664309e+01
3.463597847331914892e+01
3.382649148942751793e+01
3.297653963597097260e+01
3.204298315599121594e+01
3.101392787173386978e+01
2.997418096490381956e+01
2.896713412647950037e+01
2.797484086070523546e+01
2.699633772184858316e+01
2.606096649552481281e+01
2.517254565697940549e+01
2.431698731400159019e+01
2.351716321502187057e+01
2.275428796036777968e+01
2.211438552848827754e+01
2.150570315377252584e+01
2.090165824949544060e+01
2.021335420722571286e+01
1.947378497938449726e+01
1.875772962262424315e+01
1.803244940778384731e+01
1.734692952725850645e+01
1.662550709964324369e+01
1.595724531405867630e+01
1.532097097131988050e+01
1.476949302334794645e+01
1.428250528993969048e+01
1.387447142446342241e+01
1.349587165696203783e+01
1.315198723771930389e+01
1.284865755497575712e+01
1.257539289531960947e+01
1.229389758794383525e+01
1.194387541353172111e+01
1.153320852732251467e+01
1.106102432674210689e+01
1.057861892330586251e+01
1.008648911492606359e+01
9.621427811863801693e+00
9.192221052074645016e+00
8.800824792362876181e+00
8.460737322719559472e+00
8.153433117866422108e+00
7.860445981860758380e+00
7.561929791680767288e+00
7.228182270562530043e+00
6.858037952762973788e+00
6.525520891610538499e+00
6.267558435401893391e+00
6.090888585593567939e+00
5.986437249651714865e+00
5.945891738345823185e+00
5.940836330793172415e+00
5.885662202655132624e+00
5.799195495983808790e+00
5.740657255391111491e+00
5.660706970285220407e+00
5.524734577372190536e+00
5.341030103974282461e+00
5.166259711880950789e+00
4.992836867549938162e+00
4.823657873384953554e+00
4.686198430946154403e+00
4.583771429026710642e+00
4.495166210248425998e+00
4.441940726738307532e+00
4.411874819098144940e+00
4.367722863137446510e+00
4.295859152358826982e+00
4.171440778295685270e+00
4.019853242162656493e+00
3.821051480926010324e+00
3.648915277377589472e+00
3.479412056155016586e+00
3.314771184416396288e+00
3.136986682411858851e+00
3.012843446434441130e+00
2.971133657313282939e+00
2.993818421542762120e+00
3.047832451360897199e+00
3.098682975452963007e+00
3.125136587408028355e+00
3.104979885259805172e+00
3.050220512492177960e+00
3.013388010762026337e+00
2.967748956087853607e+00
2.914003856292331385e+00
2.822075393897510942e+00
2.733376036013345445e+00
2.654958512309610441e+00
2.598557433128897198e+00
2.609526366854157065e+00
2.678653044086421797e+00
2.769952683915351432e+00
2.837498088043527655e+00
2.868823907358569958e+00
2.873095593914075874e+00
2.872129290634970022e+00
2.878611900835189807e+00
2.880272707982650893e+00
2.906345299187395259e+00
2.942354587503499985e+00
3.008955173248964776e+00
3.030234492340369457e+00
2.998146492105155936e+00
2.935421132110377584e+00
2.880148958132161763e+00
2.846517601005347675e+00
2.836790950125939403e+00
2.809123356632126978e+00
2.724518476880396278e+00
2.620765552419184186e+00
2.531156999098235438e+00
2.518662971964721553e+00
2.521659273351937181e+00
2.512228934883928844e+00
2.494611997276753090e+00
2.461296621327022649e+00
2.438854020486178165e+00
2.402029003813990204e+00
2.355174728895709002e+00
2.276458945657551691e+00
2.165105179853256789e+00
2.059144823396586332e+00
1.968899286394954373e+00
1.874484386763393351e+00
1.752158122730608447e+00
1.567033588071649275e+00
1.362299256413143977e+00
1.183416760229187625e+00
1.065254416322124031e+00
1.005419362950503492e+00
9.474149115820047484e-01
9.318937464984498042e-01
9.620233287646260401e-01
1.022730949617903562e+00
1.074573592333474714e+00
1.089323879786219695e+00
1.094619331166012621e+00
1.101457977771661545e+00
1.125531550756557753e+00
1.165457602253907821e+00
1.207086707950781879e+00
1.232856415171341924e+00
1.281042388211873995e+00
1.350623876105500054e+00
1.430831063361118316e+00
1.467801413705888569e+00
1.459691997449944711e+00
1.422383325928250564e+00
1.376735948853329283e+00
1.310024486045883840e+00
1.236092602092489390e+00
1.155151805937542520e+00
1.100082924412400409e+00
1.039802811033003316e+00
9.359015478391010667e-01
8.488123066919304183e-01
8.026064959073998528e-01
8.212084218951201109e-01
8.333119400884196892e-01
8.353688066908668830e-01
8.246055859401082433e-01
7.966255135747720706e-01
7.425087885616820094e-01
7.146049050417725423e-01
7.008641000321956804e-01
6.889269843182600495e-01
6.626506980348263465e-01
6.238404792612349814e-01
5.592565337234145506e-01
4.421099418785926494e-01
3.116465409310861245e-01
2.249317808949642394e-01
1.409113262365097874e-01
7.421151401061765185e-02
6.541435998228441705e-03
-5.332059644862174180e-03
-7.153230306909667824e-03
2.634764412844132955e-03
4.350027199598049260e-02
8.547368038666730561e-02
1.229965483895527067e-01
1.365734259729824429e-01
1.527871829968965589e-01
1.707070921068716274e-01
1.693821709761630934e-01
1.649224240067195535e-01
1.626389368448274975e-01
1.511700384568095135e-01
1.341031802629739089e-01
9.534882216939247201e-02
4.914110425761151341e-02
-1.955096360266668845e-02
-1.039963149722213376e-01
-1.806913650766013846e-01
-2.399011592650878710e-01
-2.710084626377678996e-01
-3.101685017448291282e-01
-3.477493425630226453e-01
-3.607138525867799039e-01
-3.277009165894379517e-01
-2.535523794536333475e-01
-1.758675687529717424e-01
-1.080699825610768466e-01
-7.232089428210775051e-02
-5.007684823197251084e-02
-1.380260056362761674e-02
4.068602331592627991e-02
7.786831063934872288e-02
7.358182195668366843e-02
3.504311210785691910e-02
-1.065615234329842127e-02
-5.437838250941961354e-02
-9.781739225795944848e-02
-1.389708980376199721e-01
-1.670142321551852660e-01
-1.722576621847849987e-01
-1.717423452968134256e-01
-1.905452995442634967e-01
-2.193740375693027100e-01
-2.696945440349999279e-01
-3.128208222959221740e-01
-3.740723841914576075e-01
-4.377368834224725225e-01
-5.292421134950753281e-01
-6.117599580299610817e-01
-6.604382399404836734e-01
-6.606792825651248702e-01
-6.354375930448487031e-01
-6.057391210112286206e-01
-6.084549407952419831e-01
-6.355718460051885677e-01
-6.984766728584888007e-01
-7.880085049650156215e-01
-9.137641611135832731e-01
-1.051190679591036403e+00
-1.164442645930812814e+00
-1.255288513593583177e+00
-1.300262979785917095e+00
-1.308511401067726565e+00
-1.275377619134273388e+00
-1.210104775237075492e+00
-1.131394784749992333e+00
-1.049066446288194454e+00
-9.628181469740682008e-01
-8.698131183182136184e-01
-7.661428625131315728e-01
-7.061012397743315905e-01
-6.801679382223111414e-01
-6.872524835706381729e-01
-7.046225608329611534e-01
-7.173545562067427106e-01
-7.077120478324294695e-01
-6.847360763564360742e-01
-6.912671569093499224e-01
-7.346003372309864998e-01
-8.130578423286070056e-01
-8.811223906256792082e-01
-9.308452451613318246e-01
-9.434226135815025893e-01
-9.592192723580763580e-01
-9.881965724246674077e-01
-1.056947367141154004e+00
-1.151113160252804635e+00
-1.297053098112940228e+00
-1.443050077885897897e+00
-1.603555554018249341e+00
-1.733647407333092305e+00
-1.852971897225896170e+00
-1.940558069448373057e+00
-2.015730195945241388e+00
-2.076041806736965256e+00
-2.115770841495043797e+00
-2.105992462543676336e+00
-2.071503475549289153e+00
-2.035718446815457661e+00
-2.035050803613946080e+00
-2.059671947478808107e+00
-2.056944544659829344e+00
-2.038535132239453596e+00
-2.022100034148409886e+00
-2.023739233856048703e+00
-2.009393317249625888e+00
-1.926364278233702265e+00
-1.803015576010340570e+00
-1.674805033854614544e+00
-1.592968483020414494e+00
-1.545410281584272294e+00
-1.513718578298938855e+00
-1.459295808938144257e+00
-1.413466321890827659e+00
-1.383174692637299419e+00
