7.966306683189573334e+01
7.966306683189573334e+01
7.966306683189573334e+01
7.966306683189573334e+01
7.966306683189573334e+01
7.977986151703886719e+01
8.016183121429860137e+01
8.099174182710919467e+01
8.171755121505503894e+01
8.226603844123219744e+01
8.280738246678720316e+01
8.356083357937886547e+01
8.437490999126089264e+01
8.493091172351471130e+01
8.536407361905212099e+01
8.584808858197118298e+01
8.646107180557292793e+01
8.579226070872712739e+01
8.593782504704286396e+01
8.654876140249720606e+01
8.734107293428942853e+01
8.803378545556542178e+01
8.847154084233243054e+01
8.915650153805590605e+01
8.994043818871442397e+01
9.066428535991886406e+01
9.116180068723620877e+01
9.154376440845869922e+01
9.217589725097423070e+01
9.254133089528085065e+01
9.271335762155136706e+01
9.316929363926392682e+01
9.351354086967225498e+01
9.393713484361956034e+01
9.422345910616269293e+01
9.430653258855502941e+01
9.425107825995753785e+01
9.495408885847879787e+01
9.536908945353459899e+01
9.567368562655657627e+01
9.583611677789875216e+01
9.560558849053926167e+01
9.608808487405660514e+01
9.643666466324233966e+01
9.661025755424338968e+01
9.670306889373617310e+01
9.697312515015552492e+01
9.735413663030618636e+01
9.742352032790356020e+01
9.753847218292970922e+01
9.777994326399459624e+01
9.778933155338030758e+01
9.772433905184510650e+01
9.795670903867254253e+01
9.821199184944265426e+01
9.832036485820114535e+01
9.833234388658399894e+01
9.805388965526836387e+01
9.797571600369623468e+01
9.816708458859501718e+01
9.854538299036012461e+01
9.876952920873924313e+01
9.863652504394485732e+01
9.871539343933456223e+01
9.866501575889927267e+01
9.837232798540038914e+01
9.851767421410680470e+01
9.824178381165272356e+01
9.806950655275505824e+01
9.803048297340146178e+01
9.812719267382692578e+01
9.848696276970554209e+01
9.848263630710174255e+01
9.869173756140344267e+01
9.877861939379192791e+01
9.849759659344488227e+01
9.842857872908494699e+01
9.856389064164535796e+01
9.865122586654204895e+01
9.872120058795094621e+01
9.881248811142371835e+01
9.875384539041927212e+01
9.897764405847213709e+01
9.933930443510416808e+01
9.964066062448240757e+01
9.969149979130554584e+01
9.941348521999941568e+01
9.955801200572294363e+01
9.957132796252922446e+01
9.943352322859404069e+01
9.925454107465942855e+01
9.899221607415371693e+01
9.892457604467837484e+01
9.882817863954306858e+01
9.870540820390094439e+01
9.862870464975877383e+01
9.862791022879919467e+01
9.906198345162594876e+01
9.929269112219422766e+01
9.921716343275606675e+01
9.897426382126560895e+01
9.896205873966290767e+01
9.896807541543243758e+01
9.911942452033052575e+01
9.926426782889477352e+01
9.914182772656936038e+01
9.911229519359571327e+01
9.901290363959914487e+01
9.895834400155048627e+01
9.900118497371647663e+01
9.915798554264110010e+01
9.943544508596350795e+01
9.945906196312861880e+01
9.951042913458675798e+01
9.968026297284565374e+01
9.992556230091756220e+01
9.998589247075332764e+01
9.973432493002827925e+01
9.945015909508362029e+01
9.929743499839891285e+01
9.935054653244283429e+01
9.937317643818047941e+01
9.910315689503508452e+01
9.885679545950067393e+01
9.879834886323772025e+01
9.894504574083622117e+01
9.878783051915360147e+01
9.867544901610413888e+01
9.863768754784324244e+01
9.869373147087455322e+01
9.885825348002896362e+01
9.871044191187553452e+01
9.883988564986276515e+01
9.877526013615070610e+01
9.843880479912544956e+01
9.837658859512221454e+01
9.789712562604671575e+01
9.768989914800218344e+01
9.763992449395905737e+01
9.762808237158989755e+01
9.759014438971406946e+01
9.755867252743092877e+01
9.743747973316023092e+01
9.733649762232427349e+01
9.733315580020965285e+01
9.741865735199901621e+01
9.734894066349009734e+01
9.711234134357698622e+01
9.690347395481944659e+01
9.682688176663583590e+01
9.671613932830278770e+01
9.664740520247237043e+01
9.674911572471117438e+01
9.666858512708178353e+01
9.624257047914063889e+01
9.605183526063592581e+01
9.574834417233500972e+01
9.536707219354211418e+01
9.511656690216376830e+01
9.513198465898940981e+01
9.520124122565147218e+01
9.494869783976372446e+01
9.473449120198174001e+01
9.462394803875261573e+01
9.462454099740912739e+01
9.474695344386977069e+01
9.476046126868395447e+01
9.463756050519791074e+01
9.444113736237122225e+01
9.425180798548983319e+01
9.410346429701741044e+01
9.397247355469679064e+01
9.383459478260611775e+01
9.371105019015750770e+01
9.361258041384699879e+01
9.338021046778095524e+01
9.310137891768269469e+01
9.278888162243784166e+01
9.256275352728458472e+01
9.252313427054978945e+01
9.223492119271021750e+01
9.181898344080305208e+01
9.154138088769613546e+01
9.136690957747472908e+01
9.113828612377488980e+01
9.076466793187381654e+01
8.995395325893773020e+01
8.906297738111936724e+01
8.860245568305504094e+01
8.906912825547929913e+01
8.911167169888855710e+01
8.876318847949170276e+01
8.828374469336490904e+01
8.780559678308385685e+01
8.739704760367527570e+01
8.706047065725400103e+01
8.693960078741305608e+01
8.665577340321696909e+01
8.624430050889330346e+01
8.602494865826299986e+01
8.572124416012675852e+01
8.543631829569396530e+01
8.516929602597711835e+01
8.489859244721398568e+01
8.458383528117120420e+01
8.421899625377730558e+01
8.380248498715353378e+01
8.331642460149795681e+01
8.279229054574284419e+01
8.231454859432754745e+01
8.215727959784967993e+01
8.153449957957450067e+01
8.083814414816539795e+01
8.030200159006946592e+01
7.996382300965746026e+01
7.960771319931046719e+01
7.922627174183260479e+01
7.867667587541174612e+01
7.797700632482779781e+01
7.739018016422070900e+01
7.724808031367210504e+01
7.670543796111728341e+01
7.625955797008803927e+01
7.602028169463183360e+01
7.528977568749670013e+01
7.460927516456796127e+01
7.407390219463904657e+01
7.356456696402761963e+01
7.298177195956372998e+01
7.228691089508421896e+01
7.182963464460543435e+01
7.142395108466915588e+01
7.089187926098294668e+01
7.018873661541799436e+01
6.960263351326608472e+01
6.908508167204661277e+01
6.854264716423713821e+01
6.801863411001984616e+01
6.753584683715978088e+01
6.700448945854724059e+01
6.648120883154020078e+01
6.608898892326597263e+01
6.554817057534035030e+01
6.469122705675680152e+01
6.398304629081141570e+01
6.367419654376641347e+01
6.324098128893771786e+01
6.266678742596590013e+01
6.198518169040956138e+01
6.098819415485182560e+01
6.010292002708459336e+01
5.923411058140251839e+01
5.852992824091067803e+01
5.807693500448400670e+01
5.731081001317959078e+01
5.638907042765058009e+01
5.564751682873964000e+01
5.499968891971971630e+01
5.429436077016095652e+01
5.381393725990991328e+01
5.310996863192328732e+01
5.227722875073256148e+01
5.145527750831112712e+01
5.078813802331574578e+01
5.025217498239234004e+01
4.953484702982514420e+01
4.883776458622550365e+01
4.818366346772826603e+01
4.750817583384469600e+01
4.655052146782408329e+01
4.577400016587859000e+01
4.498866913638757836e+01
4.409631491490186761e+01
4.309291289001572522e+01
4.288996622670476455e+01
4.215098021880103119e+01
4.137411688193481751e+01
4.072992088233873176e+01
4.019041139997433731e+01
3.924898962767666433e+01
3.850526433118445624e+01
3.765638282241223322e+01
3.674054172499968018e+01
3.603201616629377924e+01
3.538086019417855965e+01
3.454210630976783136e+01
3.362693087294110228e+01
3.275541038824636786e+01
3.206070593593962315e+01
3.120815172232140355e+01
3.048823564887581483e+01
2.989348613048418812e+01
2.931663915793772546e+01
2.853992717171719562e+01
2.773061380102355855e+01
2.703566822049367602e+01
2.638684201803545193e+01
2.573905646293766125e+01
2.507695935091848227e+01
2.448438460464414490e+01
2.374531870930435318e+01
2.290894231418271332e+01
2.214832149347638790e+01
2.183490068045258425e+01
2.103789821430883222e+01
2.032202996909834525e+01
1.969639607060486952e+01
1.912828339875931860e+01
1.855792464351169002e+01
1.782036408730751020e+01
1.714410027254863067e+01
1.663226466086492294e+01
1.623455813972802986e+01
1.558467698264538193e+01
1.507405377592793982e+01
1.461528518872433402e+01
1.413786350879412090e+01
1.361776188770676477e+01
1.314684338395284158e+01
1.269620834870178427e+01
1.231583984761054218e+01
1.201704252560230124e+01
1.174167502941947383e+01
1.122226617170751695e+01
1.078054386593903047e+01
1.040125187196887779e+01
1.002398777427842980e+01
9.629319607589467367e+00
9.390687974900504997e+00
9.203291639767371635e+00
8.879447301350586130e+00
8.519721753601752212e+00
8.256300268256669739e+00
8.116699853323504854e+00
7.956612029038989675e+00
7.516582824855473355e+00
7.071405963464624911e+00
6.939902868054812046e+00
6.966396580724723897e+00
6.710786697685512614e+00
6.530548498246227851e+00
6.416713891600947406e+00
6.283560333130709274e+00
6.242223272523637512e+00
5.814101197322892212e+00
5.542027306825392685e+00
5.424510994434324829e+00
5.292744529124234987e+00
5.171909090788513907e+00
4.997091489077960524e+00
4.895852655959991750e+00
4.857904211786610027e+00
4.810115680219364087e+00
4.634038507458694944e+00
4.585073557062127492e+00
4.573054384294338526e+00
4.514507541576752381e+00
4.345083195382349217e+00
4.359893837628537661e+00
4.403018106027958289e+00
4.398889747298667885e+00
4.279974234173588243e+00
4.002856174600736949e+00
4.056188152026590110e+00
4.153024223190392661e+00
4.178915926336574493e+00
4.065602583189401820e+00
3.790660855652346228e+00
4.032818705975825146e+00
4.068184566530536728e+00
3.830866776542965368e+00
3.518624337049582884e+00
3.565073784002246171e+00
3.406350534625175008e+00
3.450718360597222034e+00
3.493047609766987360e+00
3.471668694490852136e+00
3.471668694490852136e+00
3.471668694490852136e+00
3.471668694490852136e+00
3.471668694490852136e+00
3.471668694490852136e+00
3.471668694490852136e+00
3.471668694490852136e+00
3.471668694490852136e+00
3.471668694490852136e+00
3.471668694490852136e+00
3.471668694490852136e+00
3.471668694490852136e+00
3.471668694490852136e+00
3.471668694490852136e+00
3.471668694490852136e+00
3.471668694490852136e+00
3.471668694490852136e+00
3.471668694490852136e+00
3.471668694490852136e+00
3.471668694490852136e+00
3.471668694490852136e+00
3.471668694490852136e+00
3.471668694490852136e+00
3.471668694490852136e+00
3.471668694490852136e+00
3.471668694490852136e+00
3.471668694490852136e+00
3.471668694490852136e+00
3.471668694490852136e+00
3.471668694490852136e+00
3.471668694490852136e+00
3.471668694490852136e+00
3.471668694490852136e+00
3.471668694490852136e+00
3.471668694490852136e+00
3.471668694490852136e+00
3.471668694490852136e+00
3.471668694490852136e+00
3.471668694490852136e+00
3.471668694490852136e+00
3.471668694490852136e+00
3.471668694490852136e+00
3.471668694490852136e+00
3.471668694490852136e+00
3.471668694490852136e+00
3.471668694490852136e+00
3.471668694490852136e+00
3.471668694490852136e+00
3.471668694490852136e+00
3.471668694490852136e+00
3.471668694490852136e+00
3.471668694490852136e+00
3.471668694490852136e+00
3.471668694490852136e+00
3.471668694490852136e+00
3.471668694490852136e+00
3.471668694490852136e+00
3.471668694490852136e+00
3.471668694490852136e+00
3.471668694490852136e+00
3.471668694490852136e+00
3.471668694490852136e+00
3.471668694490852136e+00
3.471668694490852136e+00
3.471668694490852136e+00
3.471668694490852136e+00
3.471668694490852136e+00
3.471668694490852136e+00
3.471668694490852136e+00
3.471668694490852136e+00
3.471668694490852136e+00
3.471668694490852136e+00
3.471668694490852136e+00
3.471668694490852136e+00
3.471668694490852136e+00
3.471668694490852136e+00
3.471668694490852136e+00
3.471668694490852136e+00
3.471668694490852136e+00
3.471668694490852136e+00
3.471668694490852136e+00
3.471668694490852136e+00
3.471668694490852136e+00
3.471668694490852136e+00
3.471668694490852136e+00
3.471668694490852136e+00
3.471668694490852136e+00
3.471668694490852136e+00
3.471668694490852136e+00
3.471668694490852136e+00
3.471668694490852136e+00
3.471668694490852136e+00
3.471668694490852136e+00
3.471668694490852136e+00
3.471668694490852136e+00
3.471668694490852136e+00
3.471668694490852136e+00
3.471668694490852136e+00
3.471668694490852136e+00
3.471668694490852136e+00
3.471668694490852136e+00
3.471668694490852136e+00
3.471668694490852136e+00
3.471668694490852136e+00
3.471668694490852136e+00
3.471668694490852136e+00
3.471668694490852136e+00
3.471668694490852136e+00
3.471668694490852136e+00
3.471668694490852136e+00
3.471668694490852136e+00
3.471668694490852136e+00
3.471668694490852136e+00
3.471668694490852136e+00
3.471668694490852136e+00
3.471668694490852136e+00
3.471668694490852136e+00
3.471668694490852136e+00
3.471668694490852136e+00
3.471668694490852136e+00
3.471668694490852136e+00
3.471668694490852136e+00
3.471668694490852136e+00
3.471668694490852136e+00
3.471668694490852136e+00
3.471668694490852136e+00
3.471668694490852136e+00
3.471668694490852136e+00
3.471668694490852136e+00
3.471668694490852136e+00
3.471668694490852136e+00
3.471668694490852136e+00
3.471668694490852136e+00
3.471668694490852136e+00
3.471668694490852136e+00
3.471668694490852136e+00
3.471668694490852136e+00
3.471668694490852136e+00
3.471668694490852136e+00
3.471668694490852136e+00
3.471668694490852136e+00
3.471668694490852136e+00
3.471668694490852136e+00
3.471668694490852136e+00
3.471668694490852136e+00
3.471668694490852136e+00
3.471668694490852136e+00
3.471668694490852136e+00
3.471668694490852136e+00
3.471668694490852136e+00
3.471668694490852136e+00
3.471668694490852136e+00
3.471668694490852136e+00
3.471668694490852136e+00
3.471668694490852136e+00
3.471668694490852136e+00
3.471668694490852136e+00
3.471668694490852136e+00
3.471668694490852136e+00
3.471668694490852136e+00
3.471668694490852136e+00
3.471668694490852136e+00
3.471668694490852136e+00
3.471668694490852136e+00
3.471668694490852136e+00
3.471668694490852136e+00
3.471668694490852136e+00
3.471668694490852136e+00
3.471668694490852136e+00
3.471668694490852136e+00
3.471668694490852136e+00
3.471668694490852136e+00
3.471668694490852136e+00
3.471668694490852136e+00
3.471668694490852136e+00
3.471668694490852136e+00
3.471668694490852136e+00
3.471668694490852136e+00
3.471668694490852136e+00
3.471668694490852136e+00
3.471668694490852136e+00
3.471668694490852136e+00
3.471668694490852136e+00
3.471668694490852136e+00
3.471668694490852136e+00
3.471668694490852136e+00
3.471668694490852136e+00
3.471668694490852136e+00
3.471668694490852136e+00
3.471668694490852136e+00
3.471668694490852136e+00
3.471668694490852136e+00
3.471668694490852136e+00
3.471668694490852136e+00
3.471668694490852136e+00
3.471668694490852136e+00
3.471668694490852136e+00
3.471668694490852136e+00
3.471668694490852136e+00
3.471668694490852136e+00
3.471668694490852136e+00
3.471668694490852136e+00
3.471668694490852136e+00
3.471668694490852136e+00
3.471668694490852136e+00
3.471668694490852136e+00
3.471668694490852136e+00
3.471668694490852136e+00
3.471668694490852136e+00
3.471668694490852136e+00
3.471668694490852136e+00
3.471668694490852136e+00
3.471668694490852136e+00
3.471668694490852136e+00
3.471668694490852136e+00
3.471668694490852136e+00
3.471668694490852136e+00
3.471668694490852136e+00
3.471668694490852136e+00
3.471668694490852136e+00
3.471668694490852136e+00
3.471668694490852136e+00
3.471668694490852136e+00
3.471668694490852136e+00
3.471668694490852136e+00
3.471668694490852136e+00
3.471668694490852136e+00
3.471668694490852136e+00
3.471668694490852136e+00
3.471668694490852136e+00
3.471668694490852136e+00
3.471668694490852136e+00
3.471668694490852136e+00
3.471668694490852136e+00
3.471668694490852136e+00
3.471668694490852136e+00
3.471668694490852136e+00
3.471668694490852136e+00
3.471668694490852136e+00
3.471668694490852136e+00
