8.367523633558904805e+01
8.356617327973097531e+01
8.335318695584624038e+01
8.302079130295619791e+01
8.252442845196382848e+01
8.203975135242016847e+01
8.156211843858032751e+01
8.128118042502904927e+01
8.106122297331931748e+01
8.125416732246043239e+01
8.163519017806966360e+01
8.234168164145908975e+01
8.335770827294136609e+01
8.451170793792719849e+01
8.575959061633317049e+01
8.671443585697761591e+01
8.763791857324650891e+01
8.856711520556123673e+01
8.942880187893642585e+01
9.000078179564746961e+01
9.012631498782207018e+01
9.037178533958314119e+01
9.069671446928462899e+01
9.085124265529462662e+01
9.087983329225167495e+01
9.073745252857932542e+01
9.121741587395509043e+01
9.223777462453766418e+01
9.351963404525608325e+01
9.473403488811308648e+01
9.542490744064531327e+01
9.579189821137387639e+01
9.602650170280148245e+01
9.613211115547900931e+01
9.623970429731569709e+01
9.620396888483509201e+01
9.608582353438514190e+01
9.561111663659535509e+01
9.513087039000038203e+01
9.488820774405874658e+01
9.481409028313910881e+01
9.496181000383182891e+01
9.507565285925461751e+01
9.531303881022768110e+01
9.555479469772554069e+01
9.594768533640201724e+01
9.650030578380790303e+01
9.686498060312429459e+01
9.673204042259276036e+01
9.629826140087109820e+01
9.582167073081765807e+01
9.570100219099575156e+01
9.589509363984618062e+01
9.605994434011689975e+01
9.604247856501075375e+01
9.587317029156575643e+01
9.564930468741621894e+01
9.537859149478535414e+01
9.500185964226187707e+01
9.465793179689670467e+01
9.455498693024064494e+01
9.464440676987648260e+01
9.499497641294991013e+01
9.522467506564939299e+01
9.541475415428021734e+01
9.536958107274621455e+01
9.536996611908404020e+01
9.548052479472336529e+01
9.576009418033980580e+01
9.613564275245252588e+01
9.651124865289942534e+01
9.657917318385150907e+01
9.636660749514831537e+01
9.628171182693799324e+01
9.637427180395596338e+01
9.671828792907562899e+01
9.700501754173916424e+01
9.721963479473055258e+01
9.727613539932536924e+01
9.727749589205217262e+01
9.737723826639084734e+01
9.785971903913839753e+01
9.841135655899097401e+01
9.879727021669056342e+01
9.884836696748998008e+01
9.855641502635286599e+01
9.816791917654916233e+01
9.766580363001875753e+01
9.731850366229608085e+01
9.700091852802110282e+01
9.691913502924265345e+01
9.687194796866623392e+01
9.700374717837809158e+01
9.706723393045851367e+01
9.727800010062985336e+01
9.749052079540784632e+01
9.771603728422743984e+01
9.766841648728546943e+01
9.760364315056028772e+01
9.758006288426021513e+01
9.782308995806089058e+01
9.792648345500980156e+01
9.804858436227158336e+01
9.807258346398064930e+01
9.819673590315348122e+01
9.813248095194286691e+01
9.828223040027232571e+01
9.883628775240633502e+01
9.954397468036813734e+01
1.000000000000000000e+02
1.001096520340149567e+02
1.001552612306278149e+02
1.001693481841100350e+02
9.999947434450058381e+01
9.966047620879454882e+01
9.939771414155823948e+01
9.930937175939719452e+01
9.933460378333442975e+01
9.929266230345980659e+01
9.919027420138894513e+01
9.907656569582002248e+01
9.912211781065579430e+01
9.920577103150935727e+01
9.924213973200076566e+01
9.922939666472852593e+01
9.920963695717028941e+01
9.900936169572177903e+01
9.875889586636994011e+01
9.868372853593241700e+01
9.865653268852651081e+01
9.860449428631537216e+01
9.834407559657336151e+01
9.837309148101044798e+01
9.841647322032002876e+01
9.862574159196162782e+01
9.897533807690007279e+01
9.927714899679288862e+01
9.939614474703273572e+01
9.936020715189877706e+01
9.920434207464569454e+01
9.923864144748824856e+01
9.933106799697893052e+01
9.923783719123345293e+01
9.910738113682404560e+01
9.874694794889428806e+01
9.860318393249227142e+01
9.877967706283615712e+01
9.900140527879177910e+01
9.907875194048236267e+01
9.904653930011242835e+01
9.884344151448200932e+01
9.855510777906346220e+01
9.806156710264365017e+01
9.763579040845090162e+01
9.754702895166209942e+01
9.739847948192326044e+01
9.719566960916606035e+01
9.701211709509247783e+01
9.674150260259072809e+01
9.644237940219343841e+01
9.606757600295988198e+01
9.574336868899220576e+01
9.558163694973332269e+01
9.535452577120766193e+01
9.519329928804792473e+01
9.487706650339387693e+01
9.462851669100560059e+01
9.435890585597550739e+01
9.438123984621353202e+01
9.440279954284009989e+01
9.429673651073025553e+01
9.406082031064600812e+01
9.379068876466601523e+01
9.339266889721696430e+01
9.299785505914371697e+01
9.252995375327751049e+01
9.221527740378408566e+01
9.187388510633383021e+01
9.159954841503773082e+01
9.123197520570141705e+01
9.084385647120379303e+01
9.040773922959924391e+01
9.016630996535842257e+01
9.012405071585639860e+01
9.007044649200639697e+01
8.989024129801265417e+01
8.959642420668390628e+01
8.927678408753365602e+01
8.890023392043514150e+01
8.842298856096681448e+01
8.779421127386592616e+01
8.705423446190434333e+01
8.635479151479779603e+01
8.592316756681429979e+01
8.575968990621399257e+01
8.556544692133090280e+01
8.524885712489103184e+01
8.492299681060093519e+01
8.453938704171758900e+01
8.419425540994008372e+01
8.384560156260630492e+01
8.339576855660362753e+01
8.291498805687076867e+01
8.246552721297021549e+01
8.210575754953454464e+01
8.170152303621215140e+01
8.123474175473043601e+01
8.074619044820281033e+01
8.038369803541448277e+01
8.003815394621520340e+01
7.974694391644075608e+01
7.943569216358032747e+01
7.913534928937397694e+01
7.882494527665309647e+01
7.846171232784450922e+01
7.801659110628668259e+01
7.751596539048533430e+01
7.701546655171196676e+01
7.658406563638460796e+01
7.630308838128114246e+01
7.601926607948786341e+01
7.572242363331770321e+01
7.524158690571508146e+01
7.467785035223604950e+01
7.405740231757953040e+01
7.350398276541358200e+01
7.296655669512665554e+01
7.242588533142320273e+01
7.185231884438546501e+01
7.126601667162985621e+01
7.063210102100231325e+01
7.000857233045321948e+01
6.941549344232224428e+01
6.882160829065193752e+01
6.822012966221717534e+01
6.766026147312655326e+01
6.711944627800254182e+01
6.652584299438518656e+01
6.588455424172742880e+01
6.523244278205912394e+01
6.460901087268766219e+01
6.396599587062091530e+01
6.325958579796707681e+01
6.254529341418824373e+01
6.184486129348980654e+01
6.112897804221396569e+01
6.035780921047828684e+01
5.953102154615035602e+01
5.869931965958129183e+01
5.780163695638383103e+01
5.695899563670066357e+01
5.625124492471960025e+01
5.562272247318372820e+01
5.498493295821552351e+01
5.435973135484923091e+01
5.371146622596354803e+01
5.312213222890641617e+01
5.259015380431778652e+01
5.221036155442318005e+01
5.185780706182768540e+01
5.143671881929329004e+01
5.105612473849225807e+01
5.063449958309694665e+01
5.027377637419664325e+01
4.981036845506617539e+01
4.930770756025513180e+01
4.863267422425081321e+01
4.794383722224348787e+01
4.718715245234277944e+01
4.639434212667961788e+01
4.554472144659979449e+01
4.484460662225372118e+01
4.418444186889981040e+01
4.362143714901445435e+01
4.293970996274949670e+01
4.222792538079330882e+01
4.136591563350386025e+01
4.049188912229028858e+01
3.968669040532846992e+01
3.909363605863014612e+01
3.863860128654910397e+01
3.820477246232776025e+01
3.781050090581558720e+01
3.733112354413091794e+01
3.683700969280055659e+01
3.629209631084346910e+01
3.579783489459027379e+01
3.533476738285015983e+01
3.490046264155881062e+01
3.435618917051515098e+01
3.375463551196954626e+01
3.309877563006163825e+01
3.253121621280274667e+01
3.208804654954515456e+01
3.147767287055718910e+01
3.063543413992931974e+01
2.975429768622783300e+01
2.910613802142345108e+01
2.873370685326971241e+01
2.837096454095891573e+01
2.787351710424405127e+01
2.744119782044133871e+01
2.697981867654529609e+01
2.650288195347230769e+01
2.603220854163404496e+01
2.386198913799539056e+01
2.340003773913234397e+01
2.289447403848490126e+01
2.219634076629903419e+01
2.147314680500988260e+01
2.061341856489870139e+01
1.993032742843999472e+01
1.943821755887494263e+01
1.913737936474379708e+01
1.890258374405844322e+01
1.855816406121679663e+01
1.826280854283203681e+01
1.803004630857611801e+01
1.786830662009857917e+01
1.768493877027966477e+01
1.738945485691169424e+01
1.707029024687799534e+01
1.676169811663741172e+01
1.656395404702379892e+01
1.636180790494770321e+01
1.620599199176727367e+01
1.596988806188383769e+01
1.560543319582397359e+01
1.524035558585558547e+01
1.480085456081205209e+01
1.432724339589172224e+01
1.377061799883248483e+01
1.319964958815917377e+01
1.271028157813275961e+01
1.226378928263785895e+01
1.189939450981552760e+01
1.161775913044804298e+01
1.125619180767077943e+01
1.083953216444437651e+01
1.040364387789803580e+01
1.003989402444048018e+01
9.796237306171860837e+00
9.591238611984909568e+00
9.363448954307372674e+00
9.085544387868942806e+00
8.792867823427499729e+00
8.543414454928504043e+00
8.315421540551543700e+00
8.163872941082965795e+00
7.979726283467745596e+00
7.707455174971215683e+00
7.386832507299491368e+00
7.095589202361917813e+00
6.897811004516625211e+00
6.824872488700768791e+00
6.818750944515097778e+00
6.842067159917553099e+00
6.819650732405252214e+00
6.731411949123229377e+00
6.567463662354422027e+00
8.671017974174974441e+00
8.482957294224934941e+00
8.249127573667099256e+00
7.920839588909804441e+00
7.512965131129090146e+00
7.183836600624641910e+00
6.957150137835512282e+00
6.749956517258148381e+00
6.556411260302431820e+00
6.362472553035089184e+00
6.226782279125420594e+00
6.104834741919308527e+00
5.928904380964884702e+00
5.782978536904533229e+00
5.699352946810167353e+00
5.691521813792664197e+00
5.689315031799564437e+00
5.637466756483977548e+00
5.590002272859655008e+00
5.602509596734831732e+00
5.646039187016443250e+00
5.695415574361152089e+00
5.658887177405774516e+00
5.609264959732668920e+00
5.570925470164429072e+00
5.637148456534802676e+00
5.759199323180474117e+00
5.812255400341448386e+00
5.719111460287958693e+00
5.608217115274212183e+00
5.464375589552523671e+00
5.385093884474779102e+00
5.269030310186691324e+00
5.150206320966157492e+00
4.951763045706958799e+00
4.792664091798894965e+00
4.723963392549838325e+00
4.695060989239683735e+00
4.586848699179202349e+00
4.448412832128871841e+00
4.317956811480824442e+00
4.280110327304214479e+00
4.287145383440167379e+00
4.318780127254632895e+00
4.330677795729471313e+00
4.336382025372762072e+00
4.331777652007056112e+00
4.303641475801576632e+00
4.213453101151535485e+00
4.125950832481835029e+00
4.044454148649338165e+00
3.979944003780028883e+00
3.935057950920020531e+00
3.893527054307793112e+00
3.915028914776883529e+00
3.933067775943078548e+00
3.955102184814193844e+00
3.964019985232195786e+00
3.980403620014646204e+00
3.967723371994499093e+00
3.923972247343017639e+00
3.876084094132837610e+00
3.832135770108804795e+00
3.820209120295742444e+00
3.867447552542831346e+00
3.902158231712241854e+00
3.956347897311650375e+00
3.957384211135733132e+00
3.969208406461765204e+00
3.965940679260874457e+00
4.014719023741357695e+00
4.087907733986422265e+00
4.155805538985745784e+00
4.163338054435388180e+00
4.155360278008452646e+00
4.130380302634061529e+00
4.097639568854682501e+00
3.992892023020632397e+00
3.799014595700960673e+00
3.648927378245980790e+00
3.592493155713486708e+00
3.575026802752500288e+00
3.541309938098971433e+00
3.506856356403410313e+00
3.492707401905415843e+00
3.486826516972814982e+00
3.485317307329648173e+00
3.509343287145182178e+00
3.499862952340249134e+00
3.469153422174807933e+00
3.423287834424303622e+00
3.388076669309962430e+00
3.429160867077016839e+00
3.501562080238385111e+00
3.588685828715545867e+00
3.657704786073777914e+00
3.677711489006285639e+00
3.651381926985128867e+00
3.566569679681903970e+00
3.473040541292598427e+00
3.386641358258996704e+00
3.286081841484326471e+00
3.176791483980380359e+00
3.055604382172112832e+00
2.960251518268672388e+00
2.833922929996465889e+00
2.777895106470252173e+00
2.730862123889873150e+00
2.821997544814458081e+00
2.921703207118364176e+00
3.013875412344432014e+00
2.990617542871174539e+00
2.999612753066045023e+00
3.044016957433899773e+00
3.123051196676601471e+00
3.125218689786564585e+00
3.115205968901522127e+00
3.114204452409953472e+00
3.083333441841340505e+00
3.027533583137921536e+00
2.996369422559617135e+00
2.970668934796967697e+00
2.933720508978357788e+00
2.921068316620981875e+00
2.888647757551194850e+00
2.865893396103651014e+00
2.765230971844703234e+00
2.745260998223057580e+00
2.776375557934869232e+00
2.863046596724170278e+00
2.867074263049119942e+00
2.841107808415946234e+00
2.780060155207934702e+00
2.794383706504164788e+00
2.830138325629002249e+00
2.890983132312031412e+00
2.906114349112788098e+00
2.951911440748750781e+00
3.002081335984206678e+00
3.087617370352174540e+00
3.176275602556434041e+00
3.268264465343316605e+00
3.332105971709675707e+00
3.312794513809404151e+00
3.262045730913872621e+00
3.215716432875407982e+00
3.194939491424438227e+00
3.190017127175082123e+00
3.185719030634508897e+00
3.122153196058122138e+00
3.032390922021381385e+00
2.985401226804418329e+00
3.017704272224751350e+00
3.057875722595613244e+00
3.062532699859543683e+00
3.010505470599572408e+00
2.964804673049014294e+00
2.911579626651161767e+00
2.922146433544286825e+00
2.939321071964792864e+00
2.958326672492990639e+00
2.987181689543145779e+00
3.033739576836820717e+00
3.129194467005821156e+00
3.156240870444401825e+00
3.123393050730103759e+00
3.030705745257138428e+00
2.914135440689657575e+00
2.888656605872136129e+00
2.885314480716398400e+00
2.919662902906061230e+00
3.007439565939020731e+00
3.181473942282488920e+00
3.334740353438905291e+00
3.520185926131043974e+00
3.878421185611871547e+00
4.359953039221006854e+00
4.874879945381991320e+00
5.329328977430393799e+00
5.375358771242240152e+00
5.391257174220027260e+00
5.371519314317654725e+00
5.431651963110533110e+00
5.481060561995340308e+00
5.592297967016430782e+00
5.637413795689984575e+00
5.690132470886140936e+00
5.720976033868994115e+00
5.805633558088837631e+00
5.906895264953324620e+00
5.967194171795090263e+00
5.990620755206988335e+00
6.054935461189383972e+00
6.045630261088673407e+00
6.049033049889247948e+00
5.954427954731013273e+00
5.930673678282467165e+00
5.941543846665753748e+00
6.052933861359305112e+00
6.203526855150744090e+00
6.309287711407823629e+00
6.358026729528861942e+00
6.477463409678958506e+00
6.643948980815485683e+00
6.795758560160799711e+00
6.860016685785607748e+00
6.899162408416375847e+00
6.933240560535890218e+00
6.959819981754317375e+00
6.915726625887199219e+00
6.844742415966997839e+00
6.723723359915223519e+00
6.650554301582624284e+00
6.610692503460133373e+00
6.587690540171102782e+00
6.558140264415395215e+00
6.593936996705042297e+00
6.634710983914432703e+00
6.732843163996374614e+00
6.810188701303136583e+00
6.848260457150962210e+00
6.854352785233102985e+00
6.795399690736822151e+00
6.788532603168554225e+00
6.807435494809342735e+00
6.837586795023953279e+00
6.842263604590540282e+00
6.798568431664676837e+00
6.789116413246942372e+00
6.825709643299429530e+00
6.929429503958606240e+00
7.053635220655674054e+00
7.141009931306792069e+00
7.218863877537767593e+00
7.292735027109110924e+00
7.432584797643178476e+00
7.638799806430883521e+00
7.860616203429494853e+00
8.009730973925714537e+00
8.032426038034632398e+00
8.015008189021305185e+00
8.069708366041282943e+00
8.043155152812669684e+00
8.047498369524399564e+00
8.032997470108561799e+00
8.117597177668706365e+00
8.089885475556794603e+00
7.900506665981368748e+00
7.591552136652923721e+00
7.336567833071776512e+00
7.197128233627826610e+00
7.221138553424642836e+00
7.294719694321933012e+00
7.337869333674837513e+00
7.332416433013326795e+00
7.334910432231142252e+00
7.404429851535415885e+00
