8.204555242870578344e-03
8.698683685256093645e-03
9.201843646282362177e-03
9.779469891779508581e-03
1.035709613727665498e-02
1.093472238277379965e-02
1.505898055030712585e-02
2.226956764245831971e-02
2.948015473460952399e-02
3.669074182676071438e-02
6.581348224843566741e-02
9.581998468180782935e-02
1.258264871151799635e-01
1.558007583701078724e-01
1.857241404062740520e-01
2.156475224424402037e-01
2.455709044786063555e-01
2.732419413747861903e-01
3.003993285429121252e-01
3.275567157110380045e-01
3.524195698252787223e-01
3.700494229908763422e-01
3.876792761564740730e-01
4.053091293220718039e-01
4.229695539991961684e-01
4.406452164333340416e-01
4.583208788674718037e-01
4.758964011612805689e-01
4.925055925902138698e-01
5.091147840191472262e-01
5.257239754480804717e-01
5.404247057362444595e-01
5.533668261765569696e-01
5.663089466168694797e-01
5.792510670571818787e-01
5.921955043728207579e-01
6.051400714445210882e-01
6.180846385162213075e-01
6.307244243273555373e-01
6.428529747611961831e-01
6.549815251950366068e-01
6.671100756288771416e-01
6.769887693411428264e-01
6.863051122045040753e-01
6.956214550678652131e-01
7.049376740931927454e-01
7.142534703686908015e-01
7.235692666441887466e-01
7.328850629196866917e-01
7.418681320480702279e-01
7.506744693930177403e-01
7.594808067379652528e-01
7.681568506579274924e-01
7.753270032621940588e-01
7.824971558664605142e-01
7.896673084707269696e-01
7.968326128655898177e-01
8.039931871682527431e-01
8.111537614709155575e-01
8.183143357735783718e-01
8.250715473655226839e-01
8.317996535423745064e-01
8.385277597192263288e-01
8.446742144928196527e-01
8.497831712507287749e-01
8.548921280086378971e-01
8.600010847665470193e-01
8.650860514282446845e-01
8.701644773497916319e-01
8.752429032713385793e-01
8.802489006840168440e-01
8.849861646809110693e-01
8.897234286778052947e-01
8.944606926746995201e-01
8.984491853352800650e-01
9.020143567293930076e-01
9.055795281235059502e-01
9.091447794812707039e-01
9.127111741910773901e-01
9.162775689008840763e-01
9.198439636106908734e-01
9.232203081678245216e-01
9.264003433422854927e-01
9.295803785167464639e-01
9.327604136912075461e-01
9.347141835719435798e-01
9.365590477504199818e-01
9.384039119288963837e-01
9.402455661909677742e-01
9.420811253617721315e-01
9.439166845325763777e-01
9.457522437033807350e-01
9.475934455216404873e-01
9.494363185586148779e-01
9.512791915955892685e-01
9.531120264167135536e-01
9.549042099363689307e-01
9.566963934560244187e-01
9.584885769756799068e-01
9.602631875215150714e-01
9.620272347802092394e-01
9.637912820389034074e-01
9.655493128829527594e-01
9.671956225131008722e-01
9.688419321432488740e-01
9.704882417733969868e-01
9.719724712364432584e-01
9.732794409014828840e-01
9.745864105665226207e-01
9.758933802315622463e-01
9.772154702685604821e-01
9.785391629194166718e-01
9.798628555702728615e-01
9.811683735521392613e-01
9.824371080947441603e-01
9.837058426373490594e-01
9.849745771799538474e-01
9.860969999052955348e-01
9.871725156382372690e-01
9.882480313711790032e-01
9.896833532599680350e-01
9.927168141576452332e-01
9.957502750553224313e-01
9.987837359529995185e-01
9.999717020464472528e-01
9.999812519515099973e-01
9.999908018565728529e-01
9.999684764496306055e-01
9.991126499957300178e-01
9.982568235418293190e-01
9.974009970879287312e-01
9.970434753484211932e-01
9.972630475014915286e-01
9.974826196545617529e-01
9.977021918076320883e-01
9.979166798284218043e-01
9.981305388369213771e-01
9.983443978454209500e-01
9.985527633424412519e-01
9.987492616792840172e-01
9.989457600161267825e-01
9.991422583529695478e-01
9.987187616665905709e-01
9.980807754891014572e-01
9.974427893116123434e-01
9.969717229050119034e-01
9.973185078152142502e-01
9.976652927254165970e-01
9.980120776356189438e-01
9.981128398914358435e-01
9.980468590040777466e-01
9.979808781167195386e-01
9.979029513289567888e-01
9.973076390618840215e-01
9.967123267948112542e-01
9.961170145277384869e-01
9.955094461281006613e-01
9.948868435098551233e-01
9.942642408916094743e-01
9.936416382733639363e-01
9.929407941011336725e-01
9.922288373812415685e-01
9.915168806613493535e-01
9.908040155535757787e-01
9.900890526004356706e-01
9.893740896472956736e-01
9.886591266941556766e-01
9.880027896219298889e-01
9.873682791966631456e-01
9.867337687713964023e-01
9.861412164429368410e-01
9.857769937160533180e-01
9.854127709891697950e-01
9.850485482622862721e-01
9.846947358412130313e-01
9.843484073598527395e-01
9.840020788784925587e-01
9.836551220414684327e-01
9.832331041550432804e-01
9.828110862686180171e-01
9.823890683821928649e-01
9.818492991986965679e-01
9.811564860680154210e-01
9.804636729373342741e-01
9.797708598066531271e-01
9.790606489919921884e-01
9.783476381383636733e-01
9.776346272847351582e-01
9.769025117244496403e-01
9.761231425014219587e-01
9.753437732783941660e-01
9.745644040553664844e-01
9.736130002300720232e-01
9.725928330252838760e-01
9.715726658204958399e-01
9.705519775985071984e-01
9.695281144186436162e-01
9.685042512387799230e-01
9.674803880589163407e-01
9.664917166531222792e-01
9.655298651677455268e-01
9.645680136823686635e-01
9.636061621969918001e-01
9.628646301378818162e-01
9.621244200310579142e-01
9.613842099242340122e-01
9.606512519187552224e-01
9.599282853576172059e-01
9.592053187964793004e-01
9.584823522353413949e-01
9.577171079115955887e-01
9.569442326729432624e-01
9.561713574342909361e-01
9.553558416312901702e-01
9.544271367956210783e-01
9.534984319599519864e-01
9.525697271242830055e-01
9.516278007759453317e-01
9.506802126310004430e-01
9.497326244860555544e-01
9.487842778433815960e-01
9.478307032599340154e-01
9.468771286764864348e-01
9.459235540930388542e-01
9.449565302598467165e-01
9.439786455304810531e-01
9.430007608011153897e-01
9.420228760717497263e-01
9.410456798810958867e-01
9.400684979075542014e-01
9.390913159340126271e-01
9.381490798710134804e-01
9.372579074019550260e-01
9.363667349328965717e-01
9.354755624638382283e-01
9.348249294671886478e-01
9.342225766278773325e-01
9.336202237885660171e-01
9.330202101267977000e-01
9.324268759872300638e-01
9.318335418476624277e-01
9.312402077080949026e-01
9.306438118335779164e-01
9.300460138931270215e-01
9.294482159526762377e-01
9.288488420934764012e-01
9.282370280785320338e-01
9.276252140635875554e-01
9.270134000486431880e-01
9.263960308245253739e-01
9.257739097241592940e-01
9.251517886237932142e-01
9.245296675234271344e-01
9.239152990634689200e-01
9.233012075990941758e-01
9.226871161347193206e-01
9.220836724713684651e-01
9.214967412181992445e-01
9.209098099650299130e-01
9.203228787118606924e-01
9.197392072367349680e-01
9.191562582665693260e-01
9.185733092964037949e-01
9.179914448504418178e-01
9.174129206391692382e-01
9.168343964278967695e-01
9.162558722166241898e-01
9.156861848343074151e-01
9.151208177737434335e-01
9.145554507131794519e-01
9.139906547349456734e-01
9.134311049309262742e-01
9.128715551269069861e-01
9.123120053228875870e-01
9.117281051110613932e-01
9.111221473946520266e-01
9.105161896782425490e-01
9.099102319618330714e-01
9.091605246771666815e-01
9.084034484305619772e-01
9.076463721839571619e-01
9.068854268048984757e-01
9.061181085428559046e-01
9.053507902808132224e-01
9.045834720187706512e-01
9.037974069837565461e-01
9.030067806535450048e-01
9.022161543233333525e-01
9.014075813947658444e-01
9.005392094480035858e-01
8.996708375012412162e-01
8.988024655544789576e-01
8.979348293396051117e-01
8.970675765965628878e-01
8.962003238535206640e-01
8.953336749475500067e-01
8.944736189447074493e-01
8.936135629418648918e-01
8.927535069390223343e-01
8.919013094087964166e-01
8.910566489641023047e-01
8.902119885194083038e-01
8.893673280747141918e-01
8.885243137847022021e-01
8.876814102295685904e-01
8.868385066744349787e-01
8.859993403296664294e-01
8.851667178319608809e-01
8.843340953342554434e-01
8.835014728365497838e-01
8.827028719891911734e-01
8.819133128067123684e-01
8.811237536242336743e-01
8.803348370501945519e-01
8.795482450589737766e-01
8.787616530677531124e-01
8.779750610765323371e-01
8.771565399675321784e-01
8.763202995787315874e-01
8.754840591899309965e-01
8.746356756879997141e-01
8.736250607568217807e-01
8.726144458256440695e-01
8.716038308944662472e-01
8.705907105795843703e-01
8.695750462176700113e-01
8.685593818557554302e-01
8.675437174938409601e-01
8.665433514244260671e-01
8.655442668943637008e-01
8.645451823643013345e-01
8.635641414307679842e-01
8.626167224677807610e-01
8.616693035047934268e-01
8.607218845418063147e-01
8.597746271130736195e-01
8.588274163740341471e-01
8.578802056349946747e-01
8.569348194253625373e-01
8.559966273860670771e-01
8.550584353467716170e-01
8.541202433074762679e-01
8.532035825906629789e-01
8.522996303768016757e-01
8.513956781629404835e-01
8.504917908040334762e-01
8.495890098498791732e-01
8.486862288957248701e-01
8.477834479415705671e-01
8.468780454941485791e-01
8.459698246893552209e-01
8.450616038845618627e-01
8.441533830797685045e-01
8.432337181730108489e-01
8.423128998193688544e-01
8.413920814657269709e-01
8.404710407864065536e-01
8.395495587189305553e-01
8.386280766514547791e-01
8.377065945839788919e-01
8.367844287105349332e-01
8.358620486772835312e-01
8.349396686440321291e-01
8.340161041954724519e-01
8.330874253877970093e-01
8.321587465801216776e-01
8.312300677724462350e-01
8.303015409275965597e-01
8.293731093858591752e-01
8.284446778441217907e-01
8.275167636001015126e-01
8.266009165932158842e-01
8.256850695863302558e-01
8.247692225794445164e-01
8.238721930377455038e-01
8.229965853087936045e-01
8.221209775798414832e-01
8.212453698508895839e-01
8.203691337369036773e-01
8.194928232521275779e-01
8.186165127673512565e-01
8.177560705665242180e-01
8.169292392973698247e-01
8.161024080282153204e-01
8.152755767590609270e-01
8.145769153478177316e-01
8.139216085557536839e-01
8.132663017636897473e-01
8.126106693185681795e-01
8.119534885109730427e-01
8.112963077033777948e-01
8.106391268957826579e-01
8.099879147495303577e-01
8.093406766354476201e-01
8.086934385213651044e-01
8.080471916968511303e-01
8.074368873055289830e-01
8.068265829142067247e-01
8.062162785228844664e-01
8.056072426737008740e-01
8.049997362916787580e-01
8.043922299096566420e-01
8.037847235276345259e-01
8.031679417543018396e-01
8.025498940349167221e-01
8.019318463155317156e-01
8.013025244974473216e-01
8.006476862092661850e-01
7.999928479210850485e-01
7.993380096329038009e-01
7.986818645137210293e-01
7.980252433079857433e-01
7.973686221022504572e-01
7.967127585708393411e-01
7.960608874739156793e-01
7.954090163769921284e-01
7.947571452800684666e-01
7.941123060230934616e-01
7.934724338311681668e-01
7.928325616392428721e-01
7.921927297008147795e-01
7.915560589520885815e-01
7.909193882033624945e-01
7.902827174546364075e-01
7.896299145693916888e-01
7.889565053078562151e-01
7.882830960463207415e-01
7.876096867847853789e-01
7.868288164826680031e-01
7.860312667061883918e-01
7.852337169297088915e-01
7.844357641042852824e-01
7.836368348441508092e-01
7.828379055840163359e-01
7.820389763238818626e-01
7.812315543100966098e-01
7.804208083409182040e-01
7.796100623717399092e-01
7.787933812983864890e-01
7.779417713794311018e-01
7.770901614604754926e-01
7.762385515415199944e-01
7.753854236453134874e-01
7.745311588710218631e-01
7.736768940967304609e-01
7.728226293224389476e-01
7.719897753136298890e-01
7.711569576059731368e-01
7.703241398983164956e-01
7.695220461601042228e-01
7.687615472323556798e-01
7.680010483046071368e-01
7.672405493768585938e-01
7.664837621758732178e-01
7.657276229370340026e-01
7.649714836981948984e-01
7.642146862219526549e-01
7.634561784357059011e-01
7.626976706494593694e-01
7.619391628632126157e-01
7.611733576726047446e-01
7.604044907449497570e-01
7.596356238172946584e-01
7.588667807526545683e-01
7.580980960209539044e-01
7.573294112892532404e-01
7.565607265575525764e-01
7.557802155149601075e-01
7.549903179685661936e-01
7.542004204221721686e-01
7.534105228757782546e-01
7.525542758380754371e-01
7.516969527745491764e-01
7.508396297110229156e-01
7.499800357800627815e-01
7.491171817679201927e-01
7.482543277557774930e-01
7.473914737436349043e-01
7.465333804627545256e-01
7.456762135671890501e-01
7.448190466716236857e-01
7.439672321821215739e-01
7.431303671214773976e-01
7.422935020608331103e-01
7.414566370001889339e-01
7.406212449767071160e-01
7.397865142115289672e-01
7.389517834463508184e-01
7.381187203692100018e-01
7.372982789724571440e-01
7.364778375757041751e-01
7.356573961789513172e-01
7.348618120089743799e-01
7.340871278247745879e-01
7.333124436405749069e-01
7.325377594563752259e-01
7.317632645819305282e-01
7.309887756076818288e-01
7.302142866334330185e-01
7.294439752811570088e-01
7.286800276442711999e-01
7.279160800073856130e-01
7.271521323704998041e-01
7.264201709107465099e-01
7.256950960821361152e-01
7.249700212535257204e-01
7.242445504897719877e-01
7.235178879535587582e-01
7.227912254173456397e-01
7.220645628811324102e-01
7.213411285776303306e-01
7.206192421782222635e-01
7.198973557788140853e-01
7.191773624979361790e-01
7.184739559739050652e-01
7.177705494498739514e-01
7.170671429258428375e-01
7.163648240874713746e-01
7.156634737749260067e-01
7.149621234623805277e-01
7.142607731498350487e-01
7.135464034018755841e-01
7.128314274347387069e-01
7.121164514676019408e-01
7.113844616638316243e-01
7.106249517998357579e-01
7.098654419358397805e-01
7.091059320718439141e-01
7.083444333981034902e-01
7.075824638887228124e-01
7.068204943793422457e-01
7.060683954961203268e-01
7.053484091402369982e-01
7.046284227843536696e-01
7.039084364284702300e-01
7.032810227935587521e-01
7.027009499166737561e-01
7.021208770397886489e-01
7.015409912090814215e-01
7.009630396136655728e-01
7.003850880182497241e-01
6.998071364228339863e-01
6.992345569658346971e-01
6.986670425958079189e-01
6.980995282257811407e-01
6.975320138557543626e-01
6.969955760393463651e-01
6.964610781790598892e-01
6.959265803187735244e-01
6.953916852006509774e-01
6.948561071786346632e-01
6.943205291566184600e-01
6.937849511346021458e-01
6.932462409581418017e-01
6.927067196951122163e-01
6.921671984320824089e-01
6.916249439465270710e-01
6.910730463725933692e-01
6.905211487986597785e-01
6.899692512247260767e-01
6.894182551210219501e-01
6.888677500447401014e-01
6.883172449684581418e-01
6.877655221735392566e-01
6.871985413773790130e-01
6.866315605812186584e-01
6.860645797850584149e-01
6.854686236865010773e-01
6.848437436188253846e-01
6.842188635511495809e-01
6.835939834834738882e-01
6.829690069064232594e-01
6.823440227267736358e-01
6.817190385471237901e-01
6.810858377325065272e-01
6.804376105546714459e-01
6.797893833768362537e-01
6.791411561990011725e-01
6.784327510247288862e-01
6.777073768741933568e-01
6.769820027236578275e-01
6.762563677991442201e-01
6.755297312909246399e-01
6.748030947827048376e-01
6.740764582744851463e-01
6.733526972805400357e-01
6.726306026571839958e-01
6.719085080338280669e-01
6.711871073364562568e-01
6.704766472261897148e-01
6.697661871159231728e-01
6.690557270056567418e-01
6.683449378857766465e-01
6.676338010476793317e-01
6.669226642095820168e-01
6.662115273714847019e-01
6.655045478377074053e-01
6.647979658984706219e-01
6.640913839592339496e-01
6.633906297143818964e-01
6.627012262508477081e-01
6.620118227873136307e-01
6.613224193237794424e-01
6.606312120460325898e-01
6.599394530490876321e-01
6.592476940521425632e-01
6.585554345087927253e-01
6.578610727124989399e-01
6.571667109162052656e-01
6.564723491199114802e-01
6.557710450890278375e-01
6.550654652275403889e-01
6.543598853660529402e-01
6.536543326695924971e-01
6.529493514519553177e-01
6.522443702343182492e-01
6.515393890166810698e-01
6.508279285709275275e-01
6.501092175867251299e-01
6.493905066025225103e-01
6.486717956183201128e-01
6.479157860285520432e-01
6.471555603947352076e-01
6.463953347609182609e-01
6.456352444634370080e-01
6.448754352775160070e-01
6.441156260915948950e-01
6.433558169056738940e-01
6.425966336503050602e-01
6.418376573601757284e-01
6.410786810700463967e-01
6.403194151458514449e-01
6.395588121061289710e-01
6.387982090664063861e-01
6.380376060266839122e-01
6.372740288916877160e-01
6.365085065611959525e-01
6.357429842307044110e-01
6.349782247027248028e-01
6.342372207420993169e-01
6.334962167814737199e-01
6.327552128208481230e-01
6.320515873916786598e-01
6.313922592746206153e-01
6.307329311575625708e-01
6.300736030405045263e-01
6.294131357608057087e-01
6.287525192580699640e-01
6.280919027553343303e-01
6.274390782717010895e-01
6.268035397406916953e-01
6.261680012096823011e-01
6.255324626786727960e-01
