4.290931690075598937e+00
5.570433210820501913e+00
6.947652297968753388e+00
8.431392899935731933e+00
1.002924027522706218e+01
1.174816794420055999e+01
1.307456034896282659e+01
1.440966325770310874e+01
1.573766368878660771e+01
1.707559687235455215e+01
1.840532842633876598e+01
1.985136591906971759e+01
2.137980507376958172e+01
2.297623689488423793e+01
2.462074150493372571e+01
2.628578223039981054e+01
2.796324323791565192e+01
2.961184334717263766e+01
3.124798726296783613e+01
3.286135570313754783e+01
3.446454229422474214e+01
3.606425158636648121e+01
3.765613520489281996e+01
3.924886897235664662e+01
4.085026987066753890e+01
4.248561359969914974e+01
4.411389037072981978e+01
4.573982849431564546e+01
4.734988795775034021e+01
4.891844560622649851e+01
5.044947317856844649e+01
5.193173273986194971e+01
5.336796434664866950e+01
5.475008311066351752e+01
5.608736539138728716e+01
5.736938735250490851e+01
5.861669682985468910e+01
5.983619903025309839e+01
6.102449992577885496e+01
6.219566522118549301e+01
6.333971187825080307e+01
6.445462633798354091e+01
6.553878752661995577e+01
6.658975933877586328e+01
6.760014519039637548e+01
6.858111013535042844e+01
6.953036981877397693e+01
7.044623652705094230e+01
7.132860733531256869e+01
7.217433437321217582e+01
7.298344461605481115e+01
7.376158858661537465e+01
7.451722229682950172e+01
7.525822797265968234e+01
7.599314394733502809e+01
7.671005233534127399e+01
7.741805573757004311e+01
7.811796941966461816e+01
7.881302258997531851e+01
7.950026398346993517e+01
8.016835137706615910e+01
8.080719746771684697e+01
8.140980777865922846e+01
8.198640234674324745e+01
8.253016455958646702e+01
8.304950331308620548e+01
8.355099457017919917e+01
8.404583577096141767e+01
8.454221808787930570e+01
8.504251577936999240e+01
8.555196312131592151e+01
8.607186418490341850e+01
8.660677286028068522e+01
8.714110797764509186e+01
8.767082958717597307e+01
8.819267615966437290e+01
8.869218450954272726e+01
8.917270383451139537e+01
8.962956536703667609e+01
9.006403903249614018e+01
9.047316692942827387e+01
9.086584259413974962e+01
9.124199904135336681e+01
9.160289343944145912e+01
9.196020477627099865e+01
9.230698112002694700e+01
9.264924712971162535e+01
9.297586922660185849e+01
9.329155074441264617e+01
9.359474282134371492e+01
9.388763329959181192e+01
9.416689033052907121e+01
9.443392883476755628e+01
9.469349790710187165e+01
9.493983573232307549e+01
9.518570304037071139e+01
9.542734082875166735e+01
9.566874943364986450e+01
9.590600876582000467e+01
9.614144159792586208e+01
9.637670447358168246e+01
9.661362936490350251e+01
9.684714519428135304e+01
9.707395164715009628e+01
9.729186996862736692e+01
9.749330236752639678e+01
9.768293783249929163e+01
9.786141395928015640e+01
9.802748762319484399e+01
9.817942186898103785e+01
9.832023467780797432e+01
9.844862062548534709e+01
9.857562988867346121e+01
9.870315579893171787e+01
9.883143907183325894e+01
9.896052417717760363e+01
9.909266907360280641e+01
9.922423539125097136e+01
9.935418994966335049e+01
9.948250447489688497e+01
9.960102764250974872e+01
9.971001784371705412e+01
9.980095084447319209e+01
9.987345721546496691e+01
9.992733465443851060e+01
9.996354664744268348e+01
9.998698192220395242e+01
1.000000000000000000e+02
1.000028235778784875e+02
9.999736778378850488e+01
9.999217831041332261e+01
9.998962471886565595e+01
9.999526477479983555e+01
1.000094719942526496e+02
1.000282336156978857e+02
1.000523880370200516e+02
1.000813135991559051e+02
1.001181516480970259e+02
1.001627800602986866e+02
1.002086075623625447e+02
1.002527272515076930e+02
1.002877640534670149e+02
1.003202887245945334e+02
1.003518565009520671e+02
1.003871126936464009e+02
1.004211346453517990e+02
1.004514631080021303e+02
1.004747792050628448e+02
1.004917847985307588e+02
1.005135076097462417e+02
1.005371249709402122e+02
1.005653738353253175e+02
1.005906707688926360e+02
1.006084885202031813e+02
1.006186459431774693e+02
1.006264944156608294e+02
1.006298761392846046e+02
1.006307936177261979e+02
1.006308117773038475e+02
1.006240422629487057e+02
1.006124686588966597e+02
1.005988706672199555e+02
1.005899182907027409e+02
1.005902260851257495e+02
1.006049284961328567e+02
1.006339952625960450e+02
1.006735152330052330e+02
1.007182058020218847e+02
1.007676631663855034e+02
1.008219403530232512e+02
1.008716294970720924e+02
1.009112797389316967e+02
1.009252622099888583e+02
1.009112352929058716e+02
1.008671777384397643e+02
1.007975213901818563e+02
1.007113886032743579e+02
1.006148186252266328e+02
1.005121851209868140e+02
1.004039654584418315e+02
1.003016780994566943e+02
1.002069437561594327e+02
1.001302627917542765e+02
1.000725155146093641e+02
1.000250990537070663e+02
9.998178350695113181e+01
9.993864227206630346e+01
9.989423419231965795e+01
9.984577147822632526e+01
9.979635131662350034e+01
9.974364479621242197e+01
9.968929378357668725e+01
9.963175054774875150e+01
9.957268908818524267e+01
9.951751912605459438e+01
9.946654390926387634e+01
9.942052025382437819e+01
9.937713527408307357e+01
9.933164178490687846e+01
9.927999605461488386e+01
9.921875873037578231e+01
9.915350155197960191e+01
9.908348506783271148e+01
9.901363024186218809e+01
9.881331101787384341e+01
9.861525111364396423e+01
9.841750151736540886e+01
9.822584085864671977e+01
9.804463542446445956e+01
9.787145219360502324e+01
9.770578156139488613e+01
9.753946447282544341e+01
9.737081063556996696e+01
9.719777095171730252e+01
9.715644717163146993e+01
9.711170328702326060e+01
9.706865182110975354e+01
9.702073828195521799e+01
9.696900960724610741e+01
9.691947011602516682e+01
9.687946385670251459e+01
9.684751121935998697e+01
9.682109099321118606e+01
9.679852081866687286e+01
9.677721031055234846e+01
9.676094650496055749e+01
9.675092734009017192e+01
9.674211222497363849e+01
9.672037563638302515e+01
9.669645569698471377e+01
9.667299049439907321e+01
9.665366526870356267e+01
9.663953775464456442e+01
9.663027127349529621e+01
9.662087176254119925e+01
9.661034988323066841e+01
9.659386860367487770e+01
9.657205042950516827e+01
9.653758663475244362e+01
9.648093038156831369e+01
9.639406570912785810e+01
9.627766690949728456e+01
9.613618284350357612e+01
9.597373667692723131e+01
9.579443443726673024e+01
9.560181851569312528e+01
9.540375120531038533e+01
9.521291070977973447e+01
9.504787813595872592e+01
9.490990221863906129e+01
9.479864281280735838e+01
9.471340934702958236e+01
9.465113012875117704e+01
9.460768960560736218e+01
9.457935860688564844e+01
9.456040450913586426e+01
9.453777988449236602e+01
9.450896149536879420e+01
9.446858817832688260e+01
9.442088377839212399e+01
9.437273781747519763e+01
9.432084365360088896e+01
9.426635822906219175e+01
9.421201828199066597e+01
9.416185075399711479e+01
9.411442881715036890e+01
9.406954667605013753e+01
9.402174668494993170e+01
9.396176553285762623e+01
9.389158094126503329e+01
9.381444150206239385e+01
9.373208484240485916e+01
9.364158715010853484e+01
9.354044213515571471e+01
9.343016311350169190e+01
9.331330900373993131e+01
9.319963113650580055e+01
9.308683267671040085e+01
9.297540763617382709e+01
9.285558338453242300e+01
9.272052283131844774e+01
9.257231008816904705e+01
9.241469882923584578e+01
9.224819199393256497e+01
9.206486156172000790e+01
9.187143077359941401e+01
9.166588738406935022e+01
9.145850262402201736e+01
9.125512104800452562e+01
9.106344128237005009e+01
9.088802589996812742e+01
9.073261898981573381e+01
9.059559635347396522e+01
9.047994479985626981e+01
9.038936768355962670e+01
9.031922116099644882e+01
9.026964388401358974e+01
9.023614671053699965e+01
9.020878286109785904e+01
9.018152164209396915e+01
9.015124345403908990e+01
9.010778151252524992e+01
9.005380328815520841e+01
8.998795809929850975e+01
8.991188437414534462e+01
8.981883104490250957e+01
8.971272690168248687e+01
8.959254800731709167e+01
8.946518469851709199e+01
8.933579955370537107e+01
8.920128262977964084e+01
8.906382133863282036e+01
8.906351415153250173e+01
8.905584823495414071e+01
8.904101083651428894e+01
8.902787203497378243e+01
8.901635550239383576e+01
8.900231016221947300e+01
8.898408937273528352e+01
8.896595434680665448e+01
8.895213939733554298e+01
8.895228351424437108e+01
8.882094508431612212e+01
8.870373014089317110e+01
8.859554045663675481e+01
8.849817795144119259e+01
8.840876071100286993e+01
8.832870426396040386e+01
8.825795965349514915e+01
8.818701046051977244e+01
8.810932220157170036e+01
8.801688832023320685e+01
8.791195417081473806e+01
8.779256625809324532e+01
8.766226057048714893e+01
8.751576166142747581e+01
8.735434751617955840e+01
8.717962403698730611e+01
8.699617756594989260e+01
8.680549600050284198e+01
8.660708134208184106e+01
8.640231538705236858e+01
8.619516753886102833e+01
8.598408233948663337e+01
8.577040232597815361e+01
8.555848030591263864e+01
8.535193858378646325e+01
8.515415889789755965e+01
8.496682983455457361e+01
8.479875948555232412e+01
8.465405044771542009e+01
8.453614505286554959e+01
8.444025862934937265e+01
8.436516244911797457e+01
8.431047714712194363e+01
8.426767364747881572e+01
8.423083693191290422e+01
8.419889737310606392e+01
8.416648354291457679e+01
8.412422336564748093e+01
8.407650415482686412e+01
8.402235861383837801e+01
8.396308887896896067e+01
8.390392124617063985e+01
8.384103741276733501e+01
8.377433628566140555e+01
8.370547578463978766e+01
8.363832215953453897e+01
8.357177909976491037e+01
8.350851594061457206e+01
8.343920303979301423e+01
8.336105702546819884e+01
8.328117455368848709e+01
8.319339169249033716e+01
8.309681055441309638e+01
8.299490993895844326e+01
8.289126323890995707e+01
8.278161319348799907e+01
8.266546515752602886e+01
8.254660131487770514e+01
8.243050427039642614e+01
8.232290674020069332e+01
8.221531072669958462e+01
8.211473814358349443e+01
8.201676502144673009e+01
8.191887441604094988e+01
8.181985538678850389e+01
8.172501794960128052e+01
8.162979995457841653e+01
8.153414867657197362e+01
8.144037266222457561e+01
8.133993954792130410e+01
8.124058689032170832e+01
8.115014154830723214e+01
8.107904229503633076e+01
8.102250766754428923e+01
8.097483057487345093e+01
8.092411762357562566e+01
8.088042886091689354e+01
8.084143228857007557e+01
8.079877238320672461e+01
8.075044259020633319e+01
8.068919734559952417e+01
8.061328050986338667e+01
8.052115470703870415e+01
8.042276156685075250e+01
8.031748067432104676e+01
8.020813613506321360e+01
8.009834714699415770e+01
7.998794992946004356e+01
7.987850354353156490e+01
7.977071779664566975e+01
7.966585476581498426e+01
7.955562100499946609e+01
7.944108316125458202e+01
7.932058051446529134e+01
7.919306167652074180e+01
7.906088230800938277e+01
7.892647202109151294e+01
7.879101482710420612e+01
7.865660195897571327e+01
7.853335089289936377e+01
7.841627691120976351e+01
7.830395546601542378e+01
7.819415065383510921e+01
7.808707845837352579e+01
7.798096796347205384e+01
7.787699892900542409e+01
7.777176807959875759e+01
7.766322762159538229e+01
7.755817893866682766e+01
7.745153656395839903e+01
7.735214530840629266e+01
7.726129548391705271e+01
7.718007329522127691e+01
7.710234467366876743e+01
7.703200626718034982e+01
7.696029548797915254e+01
7.688522731390409604e+01
7.680962034645420999e+01
7.672951220429395391e+01
7.664422113751845700e+01
7.655099342364931658e+01
7.645306007083286204e+01
7.634866490437175912e+01
7.624633433595215593e+01
7.614766800195387475e+01
7.605957294100952026e+01
7.597995241594274773e+01
7.590678811998292019e+01
7.582808673141384759e+01
7.574724415745450301e+01
7.566451738149451955e+01
7.556954558698856772e+01
7.546551902368494780e+01
7.535009654638788845e+01
7.522368597899286158e+01
7.508752240813879553e+01
7.495302609503377766e+01
7.482232505080995111e+01
7.470222953249707132e+01
7.458768326673697402e+01
7.448288339764592081e+01
7.438496846647140615e+01
7.428912946980251775e+01
7.419596033247299260e+01
7.410573141740233893e+01
7.401112514101963313e+01
7.390409439859382701e+01
7.378832591657621265e+01
7.366511348593988373e+01
7.354113497902788765e+01
7.342374765093147460e+01
7.331220440680685613e+01
7.321048897382529219e+01
7.312403311972576603e+01
7.305064218719289215e+01
7.298991770013616076e+01
7.293592972932462715e+01
7.288486648676624213e+01
7.283102570330365211e+01
7.277555915067473791e+01
7.271326408429014521e+01
7.264320351011613752e+01
7.257436200970077778e+01
7.250229386677557386e+01
7.243113722853883019e+01
7.236856476390354942e+01
7.231752450490806439e+01
7.226634928336520147e+01
7.221423407602290467e+01
7.215585362429222016e+01
7.208653099340422443e+01
7.201377142184001912e+01
7.193456807853640100e+01
7.184569654112047488e+01
7.174961043671648042e+01
7.165358385358119619e+01
7.156427116970964164e+01
7.149295974482888028e+01
7.144488450982909455e+01
7.141653252996034951e+01
7.140727634496236931e+01
7.141023584379293254e+01
7.141687411537080266e+01
7.142555743749963426e+01
7.143030737271641328e+01
7.141967502468602902e+01
7.138483050631556637e+01
7.132510059426154214e+01
7.124528569055495097e+01
7.114500359303949040e+01
7.103076002508898057e+01
7.091146112286045877e+01
7.079169758836631843e+01
7.067053944103746232e+01
7.055293011711898998e+01
7.043972461651615902e+01
7.033214099243780026e+01
7.023590337134154993e+01
7.014348988744096403e+01
7.005278381362535356e+01
6.995994802861655160e+01
6.986915962495075405e+01
6.977880358185606724e+01
6.969103604929642870e+01
6.960124461379257355e+01
6.951512695906049544e+01
6.943659685712597707e+01
6.936389842219827528e+01
6.929748567100226353e+01
6.924058964638200564e+01
6.918962756545056436e+01
6.913837618086222392e+01
6.908858092323276878e+01
6.903551342908957622e+01
6.897846860257317303e+01
6.891087641131744590e+01
6.884253451436609339e+01
6.876873146466473941e+01
6.869482589434196029e+01
6.862787104233049718e+01
6.857192369405838406e+01
6.852863754680784325e+01
6.850002220916597651e+01
6.849258726842984402e+01
6.850093194924259876e+01
6.852869303829274372e+01
6.856918686018201470e+01
6.861226091665206184e+01
6.865718460637037879e+01
6.869709306376657310e+01
6.872374079096242383e+01
6.873277377300148316e+01
6.871934908835645217e+01
6.868824022786925809e+01
6.864155243799136485e+01
6.858864711275576553e+01
6.852901703288226543e+01
6.847145727231067269e+01
6.841904959810507592e+01
6.838227105227228719e+01
6.836666532958751930e+01
6.837059841217352130e+01
6.839625546560192504e+01
6.843349623226841061e+01
6.847584643408535499e+01
6.851313012552928683e+01
6.854185447002390674e+01
6.855287793802420993e+01
6.853876846665663436e+01
6.848289354303854282e+01
6.838494968589043310e+01
6.824583985024460731e+01
6.806756010073546292e+01
6.785673155681314483e+01
6.762608159445498757e+01
6.737965567835341574e+01
6.712436781749627812e+01
6.688342018675818679e+01
6.666713430528497497e+01
6.649028000579525610e+01
6.635353104450229011e+01
6.625841682702055380e+01
6.620207175472792471e+01
6.618370713929468252e+01
6.619831206841357130e+01
6.623367293684123069e+01
6.627660182846365444e+01
6.630025048399144794e+01
6.630077682640596493e+01
6.626943262136913404e+01
6.620864356360729630e+01
6.611776955068518191e+01
6.600212672595647234e+01
6.586160954084394348e+01
6.569972657818422590e+01
6.553506874843301944e+01
6.537820376283850976e+01
6.524199148749046628e+01
6.511770014614836555e+01
6.500511538871732853e+01
6.489534941710378746e+01
6.478696667778962137e+01
6.467887736999196591e+01
6.456919471589046111e+01
6.444977226534622616e+01
6.431704541178798706e+01
6.416846490357924893e+01
6.400379879385386062e+01
6.382798683737865986e+01
6.364316645795500449e+01
6.345189901045825565e+01
6.325138061357732511e+01
6.303268271984535431e+01
6.279437777729137338e+01
6.253849551015361641e+01
6.226352616721939626e+01
6.197127100756762985e+01
6.167017798511557913e+01
6.136094049031275688e+01
6.105380051428368660e+01
6.076624784953260416e+01
6.050532933579987116e+01
6.028594392725781148e+01
6.012290168096754428e+01
6.002803250184024364e+01
5.999475110328727112e+01
6.003247623138840794e+01
6.013583783387304038e+01
6.029122993871972369e+01
6.048209989007414578e+01
6.068600102161002496e+01
6.088763314584282682e+01
6.107516789396512280e+01
6.123755636207832964e+01
6.135218299113287799e+01
6.141770515940267927e+01
6.143187185690695884e+01
6.138689775196107945e+01
6.130334463655585608e+01
6.117824920406958000e+01
6.100104729556259286e+01
6.076314352041982403e+01
6.046081814184351089e+01
6.010778896580360708e+01
5.901865754001234166e+01
5.720815083501080522e+01
5.466647936569556521e+01
4.860796653114902455e+01
4.255999266391026481e+01
3.653166171064631840e+01
3.054123051411184520e+01
