5.213969796978565441e+00
6.654739726574698366e+00
8.223293125507755263e+00
9.886690049954367510e+00
1.171466734429441026e+01
1.247281814693550039e+01
1.336385325311031380e+01
1.446098890243448309e+01
1.571112780221942629e+01
1.711834746615751257e+01
1.869795866467976708e+01
2.034492331816963429e+01
2.211055512918560950e+01
2.392448530688839980e+01
2.586375356421141802e+01
2.776822350314745336e+01
2.966017826436353033e+01
3.151488537533267476e+01
3.313600419066529668e+01
3.414706500910521925e+01
3.538604188573911102e+01
3.693837099309306637e+01
3.863846081761208495e+01
4.040919942961277656e+01
4.221452171357010030e+01
4.400708665441673872e+01
4.591381962160921404e+01
4.842638710094236387e+01
5.064484781154301629e+01
5.248961832262608596e+01
5.410769889123812959e+01
5.557293440675459095e+01
5.696615513557923549e+01
5.838600361299670283e+01
5.973594921268396973e+01
6.106740787547014548e+01
6.235405743324265870e+01
6.354528857896024618e+01
6.467319196004184789e+01
6.583992447894371480e+01
6.697754779496796118e+01
6.807648782503127904e+01
6.914349003447800612e+01
7.018981663605569565e+01
7.115860877119717998e+01
7.219856738561625775e+01
7.319804756376720434e+01
7.408826559707605952e+01
7.502685181564231698e+01
7.583751493709922897e+01
7.673676549892839205e+01
7.759268403630508715e+01
7.844924179960814570e+01
7.921921926703132044e+01
8.002033404419054818e+01
8.081646568275738218e+01
8.154020871318513741e+01
8.228268869285409437e+01
8.290931227293387451e+01
8.361151156226304693e+01
8.424014061255212482e+01
8.482638230006865854e+01
8.534604104919466749e+01
8.584442213145857181e+01
8.628032588228516886e+01
8.674165900750041658e+01
8.718073619593444334e+01
8.750174304255345703e+01
8.774852387976923751e+01
8.806723721697228768e+01
8.845146606393956290e+01
8.888482569331696936e+01
8.937355441847319071e+01
8.985059068996726239e+01
9.040131878163106194e+01
9.094332710080831816e+01
9.154661256357474031e+01
9.207994517008481239e+01
9.261847864312534284e+01
9.309361491075351580e+01
9.345112346520294011e+01
9.382974149740252301e+01
9.410222692949179191e+01
9.444187639635701714e+01
9.475543376976884247e+01
9.507862158514632256e+01
9.529410614038697247e+01
9.551369961065915959e+01
9.574495050877861502e+01
9.593513491205716548e+01
9.615554474412815011e+01
9.635355871922295989e+01
9.654107252823855845e+01
9.669899456487516431e+01
9.689465687097056446e+01
9.708352260999606642e+01
9.735556914136682849e+01
9.754206130229982818e+01
9.766633117391559438e+01
9.777109846995595888e+01
9.793865883529322502e+01
9.810579757678631552e+01
9.826173085449376288e+01
9.838619815277201042e+01
9.841762238157726017e+01
9.854008765288391203e+01
9.870255279585126118e+01
9.882076297997915049e+01
9.890142871477208075e+01
9.896162711294878989e+01
9.900338098203575043e+01
9.907350952529613153e+01
9.912959202426687000e+01
9.921617236536617668e+01
9.932263743586185001e+01
9.937243140535812813e+01
9.948731677365336168e+01
9.956753250052868509e+01
9.969937953624335591e+01
9.975279955891448935e+01
9.988988954067346526e+01
9.991401019598822586e+01
9.991255089008576817e+01
1.000320148941439271e+02
1.000225019823181754e+02
1.000513258237391199e+02
1.000151144991641985e+02
1.000000000000000000e+02
9.997280612252855292e+01
9.993294680099651828e+01
9.993972654900005637e+01
9.988716828762348143e+01
9.984315392487488339e+01
9.978497363918326357e+01
9.975119713817129252e+01
9.978344799009640553e+01
9.970316779760418058e+01
9.974945708682963641e+01
9.976744374537888405e+01
9.969443348149538053e+01
9.967000588232984626e+01
9.965530199322948590e+01
9.958798261083033765e+01
9.949600972977549418e+01
9.951446621114908453e+01
9.938711538156778147e+01
9.925791646759171272e+01
9.917285957837724197e+01
9.911569317841285454e+01
9.907612159234223270e+01
9.906067545958643450e+01
9.899362838011539623e+01
9.890945748668775650e+01
9.889475377979243831e+01
9.878786664813176799e+01
9.877345157805842746e+01
9.875128285602224310e+01
9.870677947413605580e+01
9.863868766213947481e+01
9.858665928643108600e+01
9.849134455808730593e+01
9.836524586117445779e+01
9.832180881309606946e+01
9.824391885280935810e+01
9.814331116854349091e+01
9.805940724384991825e+01
9.791782811578131884e+01
9.786854139009010112e+01
9.777971366796343489e+01
9.772386469862971126e+01
9.765653921596317844e+01
9.754429418933924012e+01
9.742385830232879584e+01
9.725984400418900577e+01
9.718727802338605670e+01
9.703033480123576737e+01
9.691027912193020200e+01
9.674052437015424744e+01
9.664492531335768888e+01
9.658800689125784800e+01
9.649129467623278344e+01
9.639858347767416547e+01
9.630530525459437285e+01
9.627020236694181676e+01
9.626547870680046515e+01
9.622689345162527275e+01
9.613625433971496648e+01
9.599826476265232600e+01
9.587688269714836053e+01
9.579429616609581899e+01
9.569378655700467107e+01
9.555295921841981510e+01
9.536265008861090564e+01
9.521398161231104496e+01
9.503877501578502063e+01
9.486259415508904169e+01
9.463552569867290742e+01
9.444221245651532115e+01
9.431718121267044808e+01
9.419530250670823079e+01
9.413943928991693610e+01
9.411114932086049123e+01
9.406817013392637250e+01
9.399621577494721691e+01
9.402086333076104552e+01
9.402719692752880576e+01
9.395887987922971263e+01
9.386136292291999439e+01
9.377341058955019548e+01
9.364493238498261007e+01
9.346418976858211636e+01
9.335256795390259299e+01
9.327945248493473684e+01
9.314638346154457338e+01
9.297234144024456270e+01
9.292650991163412755e+01
9.275366179565129698e+01
9.258266247706028196e+01
9.249547733433655594e+01
9.239622006255436304e+01
9.223998423095667931e+01
9.214365202325095083e+01
9.209437136336262597e+01
9.190285844436826324e+01
9.171944851570154356e+01
9.152910263649987144e+01
9.140646606679872832e+01
9.123997986148934558e+01
9.110232465949704306e+01
9.091429567897169761e+01
9.070218149493567239e+01
9.051112177934302849e+01
9.045889416701433561e+01
9.043325727071145081e+01
9.030569269471314442e+01
9.016645964745528374e+01
9.002050617517247133e+01
8.989658111664188311e+01
8.979841477024640994e+01
8.971506014121331418e+01
8.955384167497287251e+01
8.939111500522550102e+01
8.923388378480068184e+01
8.919335548069739161e+01
8.907726366523365868e+01
8.897540956020320380e+01
8.888447302398327565e+01
8.874570454971252786e+01
8.866281813127511668e+01
8.856991098321725531e+01
8.845577342161797674e+01
8.829196119846042734e+01
8.821015358967501641e+01
8.804039624654789975e+01
8.792172598345716494e+01
8.783181986346536974e+01
8.771354932519874126e+01
8.759727014731261363e+01
8.751429736006099347e+01
8.737979104811654452e+01
8.713635100588028592e+01
8.706900985969959095e+01
8.692343392590545648e+01
8.675091519823693886e+01
8.658586376864529655e+01
8.643623800977169935e+01
8.625588888085438555e+01
8.617411819345332447e+01
8.614578227916558717e+01
8.607313556205281202e+01
8.590996726764468860e+01
8.578451027463837875e+01
8.561799889838849253e+01
8.547539413843912826e+01
8.535494661000572592e+01
8.513771934962045407e+01
8.492678694598768629e+01
8.466660645222033565e+01
8.452041463115320141e+01
8.443696823632265591e+01
8.435579757232272868e+01
8.419055268886040722e+01
8.407116435406219068e+01
8.394865170339251392e+01
8.380769306290549991e+01
8.361588085607658627e+01
8.349813705307080625e+01
8.331852692560424600e+01
8.306094740882858218e+01
8.288556188548807313e+01
8.267250608208190954e+01
8.249867978006308533e+01
8.237522708391510662e+01
8.227313305210482497e+01
8.204166315287618261e+01
8.191620796273048200e+01
8.186685048149794852e+01
8.172980197393080459e+01
8.161850425710674983e+01
8.149996075157145015e+01
8.131824815923451411e+01
8.115770903881291076e+01
8.105192784749300472e+01
8.080788099677921821e+01
8.063755062167355447e+01
8.047554168229190452e+01
8.034810606572244751e+01
8.015996248316274375e+01
8.001266853690069070e+01
7.985251508632164530e+01
7.971483197279732735e+01
7.966717987033250381e+01
7.950024825021490926e+01
7.938449816244697388e+01
7.919401919136774382e+01
7.908429530356930570e+01
7.898419390457051747e+01
7.886808741755993424e+01
7.875583508465179250e+01
7.857159350646816165e+01
7.840659528904964759e+01
7.824480312042639696e+01
7.813442541538914554e+01
7.794729718162048471e+01
7.776361218314524137e+01
7.761642233683990355e+01
7.739211133197126458e+01
7.720226570349063877e+01
7.704909950946752417e+01
7.690683329497154830e+01
7.678884609017376306e+01
7.668369205983955794e+01
7.657546123194319421e+01
7.643051156752270003e+01
7.630266954899531129e+01
7.625512903242254481e+01
7.609889628637640158e+01
7.594918046880286511e+01
7.570598449550682574e+01
7.551826427410003362e+01
7.531828464790747546e+01
7.516292044574198883e+01
7.499576915423537571e+01
7.480028483000130279e+01
7.467144843604492621e+01
7.453871301053007414e+01
7.440534882684217166e+01
7.426561091835174011e+01
7.416996247455597313e+01
7.401206128216306013e+01
7.393895043046738635e+01
7.381341806713808751e+01
7.371803872158673698e+01
7.360195704421414575e+01
7.353512598074681250e+01
7.344403340514668344e+01
7.336215789107788510e+01
7.327539708680468777e+01
7.309472071647554969e+01
7.295818943196236717e+01
7.283392165955842756e+01
7.269716108695557466e+01
7.254507150088487322e+01
7.237751155947255199e+01
7.219488909405733068e+01
7.206274303421311345e+01
7.196084475505614364e+01
7.184199710896800184e+01
7.170587650835400950e+01
7.157625996778637045e+01
7.145656485990355122e+01
7.130385569243406962e+01
7.120936461524712513e+01
7.110350322356747199e+01
7.099840256649186188e+01
7.089372951108938992e+01
7.074355035132123248e+01
7.059308022897454293e+01
7.046161079216975054e+01
7.043802257131959266e+01
7.027491944839138682e+01
7.017660422890907057e+01
7.006711359983810894e+01
6.995397532944870989e+01
6.983434592422433695e+01
6.969749784510804602e+01
6.958399922222523060e+01
6.941199036618117191e+01
6.928108507736376964e+01
6.914645589514353219e+01
6.896496953676253838e+01
6.875729474622741577e+01
6.865174581871750092e+01
6.858075982741003429e+01
6.844458191412294923e+01
6.831731064658539765e+01
6.821624063443076125e+01
6.804624787929817842e+01
6.795499717323887978e+01
6.784946514674355456e+01
6.770342350853216828e+01
6.755760956902814485e+01
6.748104081819998612e+01
6.742321377769536639e+01
6.728403771172567360e+01
6.719469672917722392e+01
6.705911515778292653e+01
6.699591559587726408e+01
6.691578866608017506e+01
6.683334395728049060e+01
6.666370363887672568e+01
6.649973277459679366e+01
6.637160755147010605e+01
6.620175585622023107e+01
6.605598180124910357e+01
6.587885628534854732e+01
6.576758147226756535e+01
6.561791121303190266e+01
6.553899587773986468e+01
6.540758509621684880e+01
6.533970343172745743e+01
6.526216332777127604e+01
6.516457732497168820e+01
6.507166304587079253e+01
6.494742807697923581e+01
6.489000515384252310e+01
6.475153902275718565e+01
6.463392058215346481e+01
6.450076038171314963e+01
6.439148751753613453e+01
6.432376580204467587e+01
6.423311418652329507e+01
6.410225710873744731e+01
6.398032064032683763e+01
6.387381172325176948e+01
6.377533304346213328e+01
6.371877088051894589e+01
6.358942059963559501e+01
6.346406034461018209e+01
6.338433615563647550e+01
6.329233148479301008e+01
6.316053817667979331e+01
6.308371327952823293e+01
6.298984284583222149e+01
6.282557071180131203e+01
6.274326292809413275e+01
6.270535824387287960e+01
6.256036589587765917e+01
6.248289046741468411e+01
6.233313184500109827e+01
6.216209072682774206e+01
6.203064606128774017e+01
6.190259850957568233e+01
6.178675579493667414e+01
6.160207799056126277e+01
6.150339073543544544e+01
6.139542203483306082e+01
6.131619842045962088e+01
6.120850665295508719e+01
6.108808977172914467e+01
6.104793022428511762e+01
6.095709512504770089e+01
6.087361245269234900e+01
6.076179793749491864e+01
6.066110782442704874e+01
6.058837533423400146e+01
6.050192636906901100e+01
6.043995322611673515e+01
6.028639087034566302e+01
6.016174611055188137e+01
6.007143188854509930e+01
5.995910529856482185e+01
5.985420587187783070e+01
5.975980951462776858e+01
5.970180364172868792e+01
5.958989700768947273e+01
5.948508173444862024e+01
5.938766536483799285e+01
5.927238823468003659e+01
5.918735193980224807e+01
5.901123533080476591e+01
5.883757751450104934e+01
5.870089656176781290e+01
5.860874801598951223e+01
5.852656305553480820e+01
5.841411412638637302e+01
5.828706382983751411e+01
5.818225103915283114e+01
5.812108495380486062e+01
5.806594201482060669e+01
5.798761281571537296e+01
5.785572359872246295e+01
5.771041155300462577e+01
5.763207791962323512e+01
5.753167007636184138e+01
5.744889110516601960e+01
5.735736392443349985e+01
5.725881007703734582e+01
5.713795679681703632e+01
5.706413466775592980e+01
5.700499653633739428e+01
5.688210679502772393e+01
5.678222599852556129e+01
5.669527323577655409e+01
5.658466122510523633e+01
5.649897241136059023e+01
5.643604721857037276e+01
5.636357270687983601e+01
5.639571509849163533e+01
5.641239680663886702e+01
5.632885941058892598e+01
5.618206218033906651e+01
5.609366878886675778e+01
5.595633493064684671e+01
5.582253306076918875e+01
5.571146313207317036e+01
5.545184267094546016e+01
5.528609577367659256e+01
5.516889664631992929e+01
5.508913438545527441e+01
5.504224322911534983e+01
5.502198570586730142e+01
5.496539870985902354e+01
5.486196077850978980e+01
5.479658258985329411e+01
5.466295070708253689e+01
5.457301148301586835e+01
5.448260781890331828e+01
5.430701725935864488e+01
5.417907364178064000e+01
5.410308924590472657e+01
5.409516038962327400e+01
5.402755656975671883e+01
5.395059247611390418e+01
5.387897031833045247e+01
5.380361465209561089e+01
5.372237175667515885e+01
5.369592749662274400e+01
5.359832883706096851e+01
5.339039036643583813e+01
5.326300368896202997e+01
5.319530809354368017e+01
5.315627923998211912e+01
5.304435329494874196e+01
5.300144920915538194e+01
5.281367696553270719e+01
5.263182614711632112e+01
5.263098251642062309e+01
5.256709374762882447e+01
5.247907614274927823e+01
5.237237342784862903e+01
5.225700972218312046e+01
5.215847559327217908e+01
5.212344832967205832e+01
5.206948571669182257e+01
5.189426219119297201e+01
5.181082411785597941e+01
5.172136988867283947e+01
5.161827183027639876e+01
5.159195282355491230e+01
5.153017885121601438e+01
5.149846129292454577e+01
5.144971106663480498e+01
5.140491210604588446e+01
5.133500895334347547e+01
5.130546412130775025e+01
5.127050785061981486e+01
5.121184337045163915e+01
5.114572968949691045e+01
5.099008319500871522e+01
5.090242961005431255e+01
5.083774149975270973e+01
5.077438202656045974e+01
5.065554681411317262e+01
5.050863176181926661e+01
5.037630326782850432e+01
5.022425496673761103e+01
5.012288614799670228e+01
5.000699598066016449e+01
4.988727773615469374e+01
4.976667869841443093e+01
4.963926625407932391e+01
4.954533401701237949e+01
4.943656186667320895e+01
4.936713889970513947e+01
4.933287063561321162e+01
4.928422764785322130e+01
4.916551959381381920e+01
4.905584278364545980e+01
4.898468502441941297e+01
4.887204778232647584e+01
4.877714538466616290e+01
4.870914481357704062e+01
4.858611303633665557e+01
4.849772299151752719e+01
4.844714475081878646e+01
4.849692581320763907e+01
4.850555047393326902e+01
4.854616717198135234e+01
4.852643201581835797e+01
4.849911644580383552e+01
4.846334785166227022e+01
4.837538808723862616e+01
4.831625251499212226e+01
4.815312773207582353e+01
4.797159286569382886e+01
4.780583376546255181e+01
4.773828334355267344e+01
4.765434716494304013e+01
4.755921148435054135e+01
4.750681873326602300e+01
4.745410486791121230e+01
4.735801250309794597e+01
4.730317174654725676e+01
4.726993507253467186e+01
4.722778283801982013e+01
4.713489198717243056e+01
4.705706929278277073e+01
4.701722331017454337e+01
4.702357642200373533e+01
4.703379372037120021e+01
4.700080793783187261e+01
4.700457915564485489e+01
4.694681301126230721e+01
4.694652584880464019e+01
4.701170140604823189e+01
4.705102069668388509e+01
4.699940343855198677e+01
4.699632309989019063e+01
4.699612206565909389e+01
4.692842987818565348e+01
4.689175352687806964e+01
4.683262333829614477e+01
4.685989491161496545e+01
4.689134752269440298e+01
4.708465907455951793e+01
4.735518473358789748e+01
4.790221241592321633e+01
4.860747840425814559e+01
4.932767300035072822e+01
5.004656780579084341e+01
5.025079906673452257e+01
5.076973695183568935e+01
5.161126536173621560e+01
5.193792634883826054e+01
5.216605013708240790e+01
5.295318125849305346e+01
5.308199407536986314e+01
5.318456274501193093e+01
5.390588689158668245e+01
4.744722550407353623e+01
4.055026018672393207e+01
3.407810506305953879e+01
