4.508989173482934376e+01
6.034637243287960473e+01
7.600351977267035863e+01
7.742709621074844506e+01
7.884712370579075014e+01
8.014259463841283093e+01
8.129316888203715052e+01
8.228508921624954553e+01
8.209533980005419096e+01
8.229873355505480959e+01
8.309481165290189608e+01
8.388667792137840706e+01
8.429106152530904694e+01
8.481734717969916915e+01
8.467983016853072797e+01
8.398479244386210496e+01
8.403714550867658772e+01
8.387475654888197596e+01
8.431217062422598474e+01
8.518813623932231849e+01
8.612723878238152508e+01
8.635535658728754527e+01
8.708934771444383216e+01
8.764790006123081412e+01
8.798912447812325865e+01
8.852972887177334371e+01
8.930960167749100265e+01
9.016774317920841497e+01
9.117165882238845143e+01
9.236783290592077833e+01
9.340422582751749303e+01
9.434328704573175628e+01
9.527966590464735930e+01
9.609731040478990849e+01
9.662483707025377555e+01
9.709724356535821244e+01
9.750233098396498121e+01
9.784910488684712959e+01
9.813713838549959689e+01
9.863711319934776611e+01
9.911007286181838083e+01
9.949292782584937811e+01
9.972306474504480889e+01
1.000000000000000000e+02
1.002108817580322722e+02
1.004431324715195188e+02
1.006255071738152935e+02
1.006346025708532750e+02
1.003574462075869462e+02
9.982463393063960666e+01
9.916605235147881103e+01
9.843586246376757742e+01
9.775511821183596339e+01
9.709194455465467399e+01
9.636663718808111412e+01
9.548296002180545372e+01
9.449265045863828050e+01
9.339806130571921017e+01
9.221118683584650455e+01
9.094003824210204812e+01
8.961131178444631473e+01
8.818226169921062763e+01
8.665193606352561062e+01
8.508184617289957430e+01
8.349406734541614128e+01
8.185821796369371839e+01
8.015842523571572542e+01
7.845644882074904558e+01
7.676949720072575190e+01
7.507393676645122582e+01
7.335811300927727530e+01
7.158764229740418727e+01
6.973057684913499088e+01
6.780287531008461599e+01
6.584978615845209049e+01
6.390223355680255679e+01
6.195426143766672311e+01
6.004113254764358487e+01
5.816844283112244796e+01
5.634900176544906714e+01
5.455214314534095621e+01
5.281824365884412487e+01
5.107264476864907721e+01
4.930318234160849755e+01
4.747628710192894630e+01
4.559035803060071146e+01
4.368668216476258692e+01
4.173412871507093769e+01
3.975455905888708941e+01
3.776364001053866559e+01
3.584063721830874982e+01
3.400604106456579245e+01
3.226760037969624051e+01
3.055878972876231359e+01
2.886880666874532864e+01
2.720588504849333233e+01
2.555996397089931804e+01
2.399837124485827999e+01
2.251699324522505208e+01
2.114211348151525982e+01
1.982394779442214627e+01
1.855127475903299938e+01
1.730632173583535049e+01
1.610281707239314031e+01
1.497307409996709815e+01
1.392019408351978882e+01
1.292662370476743128e+01
1.197468784448024515e+01
1.108106998066382687e+01
1.021932035527222737e+01
9.385747759223610487e+00
8.611076055666281093e+00
7.924950770680460721e+00
7.315495287904613342e+00
6.783572031297962823e+00
6.317132479248000365e+00
5.878031145945511682e+00
5.472147609738456708e+00
5.118546278639659164e+00
4.821216714728617347e+00
4.558064161846051121e+00
4.328755011461608682e+00
4.108662640064221883e+00
3.879204741769759490e+00
3.637737338940545850e+00
3.425740049566967205e+00
3.256746180478993669e+00
3.123599818536203720e+00
3.019009199539173682e+00
2.931074066120157973e+00
2.840663116053057990e+00
2.746691235850052593e+00
2.649547185562172391e+00
2.553551701320110556e+00
2.460143413318178762e+00
2.378547765283642423e+00
2.307407591956780468e+00
2.244795110358714041e+00
2.190097465817478994e+00
2.143124053914304827e+00
2.099845341353660189e+00
2.055779187230657445e+00
2.011203572854467048e+00
1.964952378643539888e+00
1.916049042824158999e+00
1.866007469485711390e+00
1.820817622330961338e+00
1.782613790733085235e+00
1.752363281291893005e+00
1.732344420548619368e+00
1.739208196933401673e+00
1.778649436193394440e+00
1.853141862714149823e+00
1.948895514465156964e+00
2.053874460712981520e+00
2.146662034623532112e+00
2.208467244254230799e+00
2.234949374265508659e+00
2.233887835126209698e+00
2.211597166527331293e+00
2.172029173560275694e+00
2.106622374866276459e+00
2.025171440162220282e+00
1.932438620983735422e+00
1.841329737715665438e+00
1.754949596174327775e+00
1.697238575791787829e+00
1.670132508222112566e+00
1.678673660413600111e+00
1.708411911307603281e+00
1.745035807951375917e+00
1.776299433519379356e+00
1.790233243022789855e+00
1.781920196070425844e+00
1.757245116290053977e+00
1.725655821141802271e+00
1.693036803027271997e+00
1.664677937847634848e+00
1.637485438563850426e+00
1.611681268341087714e+00
1.585638714140844119e+00
1.562166562070573139e+00
1.534933950952528159e+00
1.503548969996838292e+00
1.462656744336351622e+00
1.412726438738830081e+00
1.353877466208661895e+00
1.297970264042557886e+00
1.246774237190781731e+00
1.203709660327876518e+00
1.168626281074485629e+00
1.142760090879442636e+00
1.121140511624916902e+00
1.105261349987904040e+00
1.097209978282675857e+00
1.094186373445351190e+00
1.089441737040853120e+00
1.081319072032752349e+00
1.070559982128214571e+00
1.055613532500993212e+00
1.039826342806655646e+00
1.026612505795306607e+00
1.018705182854689584e+00
1.013835793898228754e+00
1.011417590893786578e+00
1.011985815801237809e+00
1.016998671385766384e+00
1.027967061551881001e+00
1.046996368321922333e+00
1.075275768631236195e+00
1.109301832284177225e+00
1.140784334896807195e+00
1.162483563444539847e+00
1.176684877026849430e+00
1.186376304042037644e+00
1.194841046798967854e+00
1.203222285720513485e+00
1.212577520902787809e+00
1.218285167661381729e+00
1.218745121732241143e+00
1.215750200125890412e+00
1.216494132310911525e+00
1.218062353583584612e+00
1.220079602830567822e+00
1.215847648472454745e+00
1.206067254062839433e+00
1.185899788504523711e+00
1.160532380804227381e+00
1.128605051250500368e+00
1.094941291610720402e+00
1.054295912942446289e+00
1.011342744660266746e+00
9.657285342501003012e-01
9.269300058887017801e-01
8.982553402148093502e-01
8.912982981421782025e-01
9.044778123183325746e-01
9.374088776013198565e-01
9.822486541854136277e-01
1.041327574857288107e+00
1.105318000531232192e+00
1.167013011630484431e+00
1.213014769118098579e+00
1.237962580113245670e+00
1.231429877426541086e+00
1.199386725835298595e+00
1.150899227374820422e+00
1.101927391909361287e+00
1.055722271644518706e+00
1.016265464170622579e+00
9.823561689230529970e-01
9.543550117845482905e-01
9.326091481158125251e-01
9.197124344371779836e-01
9.159168780276495392e-01
9.149334552703326517e-01
9.130990075672605899e-01
9.134174041499021346e-01
9.262695680602311965e-01
9.573699058485802826e-01
1.010537576667325244e+00
1.080094242179149511e+00
1.153448079325352982e+00
1.213719152423285541e+00
1.253501843228459478e+00
1.270358753504831295e+00
1.267493227942723788e+00
1.250349747841870141e+00
1.226090799851180302e+00
1.199601300991498531e+00
1.174094193459033431e+00
1.156959644586721181e+00
1.150626892144030577e+00
1.148916738015121508e+00
1.146013732299242305e+00
1.136061516913712266e+00
1.114934681223088475e+00
1.078419839483601539e+00
1.032564518909878215e+00
9.851247749846550050e-01
9.429996880364256429e-01
9.089024073478758625e-01
8.856921776466334384e-01
8.764815702469910264e-01
8.780720400941515180e-01
8.911471978993464882e-01
9.143766147141506595e-01
9.499351125532036200e-01
9.927367797709412134e-01
1.033538146765592858e+00
1.060383949963844552e+00
1.066777770341952092e+00
1.049893503901049296e+00
1.009098400327849365e+00
9.498973247140640730e-01
8.824556133023929716e-01
8.178090209481033712e-01
7.610196402305220431e-01
7.149434583637471752e-01
6.808950495066673492e-01
6.535026607576859270e-01
6.267554589568830048e-01
5.989244080207302146e-01
5.770625302324058348e-01
5.639012896334040237e-01
5.622929273589830634e-01
5.718596752881740519e-01
5.897642617664412557e-01
6.071956808710411435e-01
6.218991042694733684e-01
6.370065111390081913e-01
6.553245105875595833e-01
6.747010515816357357e-01
6.928662617868723839e-01
7.092768617775774276e-01
7.203662242744677258e-01
7.250902495716238239e-01
7.266744130415353498e-01
7.311397043535214912e-01
7.364593204853134845e-01
7.417548324049914044e-01
7.456288171279097376e-01
7.470041453285788391e-01
7.430959565072490225e-01
7.355010256985556882e-01
7.294044927960162683e-01
7.249373326218216951e-01
7.222729706858497245e-01
7.209396482529722983e-01
7.217820718510234990e-01
7.201386324579927001e-01
7.155072679842182648e-01
7.114591724852639132e-01
7.078954744449409420e-01
7.053915770835612609e-01
6.991853108071730549e-01
6.884641768601843514e-01
6.667956800541718909e-01
6.365946151891439531e-01
6.031542308754698212e-01
5.762652751656407446e-01
5.578381716965252757e-01
5.508147029512802106e-01
5.540927146383628488e-01
5.651552529443358841e-01
5.796552147968361268e-01
5.981315400222232403e-01
6.194293781453318326e-01
6.419146957011906407e-01
6.609143901549614508e-01
6.745573222379881440e-01
6.795118976660095012e-01
6.781373755015066562e-01
6.729787271686527017e-01
6.674935450171818330e-01
6.621993509296258962e-01
6.592503651476515625e-01
6.591918217817734904e-01
6.607712808167328644e-01
6.604910491817603813e-01
6.572857013761519429e-01
6.515021922126815745e-01
6.440999479696487562e-01
6.360937565487982948e-01
6.305944790431734503e-01
6.309646129259902647e-01
6.373636265788312771e-01
6.441666135358725676e-01
6.466420300142657895e-01
6.401335087151377445e-01
6.267889930935214293e-01
6.099591574381693082e-01
5.952634313615829953e-01
5.875023902686710153e-01
5.902804731600452826e-01
5.994377421284838858e-01
6.081893561532928372e-01
6.164301607650202186e-01
6.265121138496110298e-01
6.380455734622673125e-01
6.503364560305592290e-01
6.658913877180376861e-01
6.835846977204856900e-01
6.965652846630907558e-01
7.037694071701636744e-01
7.044660864744548556e-01
6.986494319950752319e-01
6.851953685241591874e-01
6.711257249683639792e-01
6.577982515491449522e-01
6.460368569649069803e-01
6.337294256504328871e-01
6.217700967464580009e-01
6.095013534696792634e-01
5.998086104371833649e-01
5.936088993371138045e-01
5.893916345898198017e-01
5.828592961772617320e-01
5.721863460658542788e-01
5.582401020547878012e-01
5.430679637441618857e-01
5.305730859842421321e-01
5.218071395598788964e-01
5.151902831526546933e-01
5.074670435541115410e-01
5.000682210461966370e-01
4.925890619505662316e-01
4.868107629567821615e-01
4.809649255598525963e-01
4.759550880181837584e-01
4.725869724254003756e-01
4.759255657520862770e-01
4.857055381484321477e-01
5.012672496815414602e-01
5.183138091441071849e-01
5.364172697320255256e-01
5.508963179989369019e-01
5.619674057882084739e-01
5.708419588366924202e-01
5.799134671362323745e-01
5.853615432534509111e-01
5.848219411692526792e-01
5.812489146375260374e-01
5.779784291167429089e-01
5.733554455825610185e-01
5.661111773182716522e-01
5.588197560703760391e-01
5.540695402372070033e-01
5.530274482989679941e-01
5.571291751389911839e-01
5.680227516897357054e-01
5.820623725999677367e-01
5.914787084888170066e-01
5.953483283336301612e-01
5.956271905178039949e-01
5.961834783877504318e-01
5.966390230117207816e-01
5.965647266466350684e-01
5.926680392400529573e-01
5.863426303582104371e-01
5.769858898182796958e-01
5.690989949896689826e-01
5.654046969270967171e-01
5.710284076831688704e-01
5.838798249402653573e-01
6.019552046860783268e-01
6.222549958999504804e-01
6.426816887462893924e-01
6.564415321338259446e-01
6.619821923632946969e-01
6.597699860251026172e-01
6.533044696239400650e-01
6.425660833286019891e-01
6.298640485835892422e-01
6.137185411106221844e-01
5.940844233095909921e-01
5.734142901335315123e-01
5.565847995247553692e-01
5.460456925213501567e-01
5.416203993861514743e-01
5.420895124627010953e-01
5.403377979040424606e-01
5.333494474029796262e-01
5.198081683061023250e-01
5.043815734151851915e-01
4.865041700676874803e-01
4.725501691039638019e-01
4.626263765582974141e-01
4.568946759564208593e-01
4.519654823212644335e-01
4.534638004966839997e-01
4.611029851629924736e-01
4.747394649629548269e-01
4.928305399735306569e-01
5.146100764583334541e-01
5.320863825846715578e-01
5.446238148436258752e-01
5.548356293546018447e-01
5.638702409410679683e-01
5.697784731679860215e-01
5.764548961894563339e-01
5.832361991728416406e-01
5.886788815709184108e-01
5.924048616943151657e-01
5.999977023351438232e-01
6.069574497837778582e-01
6.103788056414508612e-01
6.092272825488834753e-01
6.060887836866355460e-01
5.998950657500697892e-01
5.943694996914644646e-01
5.890653349171195430e-01
5.821287713232076166e-01
5.717595859909347933e-01
5.609031350231816759e-01
5.482368448898629065e-01
5.340827988295601125e-01
5.185150412465248104e-01
5.017297119220329726e-01
4.826725969193566002e-01
4.655830807516497805e-01
4.554357450037298527e-01
4.532409440920944221e-01
4.586050579331368837e-01
4.694288388252146338e-01
4.835739010828115081e-01
4.981769299325120581e-01
5.163064212518977403e-01
5.378557469898398447e-01
5.600790426057639104e-01
5.777369399112557424e-01
5.875782795550631432e-01
5.890322146279315385e-01
5.829166353133098388e-01
5.738910758046713578e-01
5.672719446225998885e-01
5.664790289046369720e-01
5.687611492679955916e-01
5.727271757870251445e-01
5.796420499179729680e-01
5.912302285063384399e-01
6.045311721274018169e-01
6.170935562217338965e-01
6.286144873031281888e-01
6.370907633773527090e-01
6.396115872194235719e-01
6.376495735035380141e-01
6.355119451209146897e-01
6.324275487229807924e-01
6.262368124939088343e-01
6.160868044647711539e-01
6.033933715863681879e-01
5.855408339128327366e-01
5.618541508190115774e-01
5.334741651944713281e-01
5.074550195874931724e-01
4.873980842263661573e-01
4.779061826580374706e-01
4.805827547128544430e-01
4.930218012166948105e-01
5.106260632071523142e-01
5.297966276058767576e-01
5.509941235324992137e-01
5.745743876615634349e-01
5.998251135941976564e-01
6.245644126632069471e-01
6.456718612776743971e-01
6.587279457183599085e-01
6.625166542061182717e-01
6.596305787921259434e-01
6.515913290635533262e-01
6.383371509781781139e-01
6.208903098569384937e-01
6.023597099779403052e-01
5.891672576858486554e-01
5.840050205569687902e-01
5.897244073236728168e-01
6.034357757988714210e-01
6.221174782740779285e-01
6.400077717984634651e-01
6.555065990355772865e-01
6.686790553945380911e-01
6.823809932173801052e-01
6.937286241970452849e-01
7.004292388601085495e-01
6.999700270188771167e-01
6.945322355154442961e-01
6.854456068670278235e-01
6.781123030475963986e-01
6.736640194677094851e-01
6.717112108512869328e-01
6.681857159693861403e-01
6.620847676941957749e-01
6.544880905031098539e-01
6.480764938561740518e-01
6.465646196158248982e-01
6.508252345949308015e-01
6.584109114080926028e-01
6.660234122998621720e-01
6.731719066996589840e-01
6.793966367904715753e-01
6.848723212833842666e-01
6.886801619854857615e-01
6.902664363256979518e-01
6.914849338556827707e-01
6.928690715310131809e-01
6.973342886093556459e-01
7.068883722394920799e-01
7.211952681985381863e-01
7.369526138496100831e-01
7.511165044023769832e-01
7.624381681785414866e-01
7.704390854487970230e-01
7.720846347660873521e-01
7.662389614787024072e-01
7.538182286993744263e-01
7.361841946887850430e-01
7.154203833752168507e-01
6.987403298432134369e-01
6.909524886621483120e-01
6.925956563728260518e-01
6.982784287519002708e-01
7.065300029079031319e-01
7.170586779273712130e-01
7.260930707401805906e-01
7.319505469701894640e-01
7.383997475472099392e-01
7.446009320415926114e-01
7.470518748899139805e-01
7.451730708752675181e-01
7.434776545320505026e-01
7.439794353411451899e-01
7.457616993831197583e-01
7.493155704732192834e-01
7.529042504336505015e-01
6.055275414556494651e-01
4.541717847335518532e-01
