7.484696539317393160e+01
7.484696539317393160e+01
7.484696539317393160e+01
7.484696539317393160e+01
7.484696539317393160e+01
7.488386437133873130e+01
7.571082653436451437e+01
7.663975997923562034e+01
7.762870980870863491e+01
7.869699457006420573e+01
7.982597974293604182e+01
8.090579648129218526e+01
8.179232118367710314e+01
8.252108704667004702e+01
8.329971435335853869e+01
8.410289161089191623e+01
8.491549169818397047e+01
8.576138070689427195e+01
8.667956068573684547e+01
8.763557501197144006e+01
8.858780281783695898e+01
8.957975396381945643e+01
9.065052744495157810e+01
9.176432853540551093e+01
9.273096999809347096e+01
9.360290402802561971e+01
9.439332082458058437e+01
9.508929588277716505e+01
9.568949580497658758e+01
9.621453989517692662e+01
9.672669044730697863e+01
9.716228858010703107e+01
9.757833890971051005e+01
9.798023842381388704e+01
9.836407239714642969e+01
9.868263614353649871e+01
9.889447678417283782e+01
9.904038009296269252e+01
9.917494469387379752e+01
9.929268397104813459e+01
9.938894981052423816e+01
9.950435179261643270e+01
9.953888170682478176e+01
9.956390251719945184e+01
9.957250671193214941e+01
9.953834750029439249e+01
9.948567508102371448e+01
9.943390588525218732e+01
9.933074292742712430e+01
9.913136753143150770e+01
9.883863810088031698e+01
9.845381399687597934e+01
9.802194149544159529e+01
9.749481911162962433e+01
9.690469942607759890e+01
9.627859454165400166e+01
9.561965255651627160e+01
9.486427542952429803e+01
9.399309865087967353e+01
9.306347057209885065e+01
9.210207275784793524e+01
9.108883177262796949e+01
9.000934935383928348e+01
8.884582943957727252e+01
8.759550150148899661e+01
8.622939923677259344e+01
8.479609160860204042e+01
8.330026278620948688e+01
8.173816642252698728e+01
8.010400788156456997e+01
7.836285692476876363e+01
7.657150192506648523e+01
7.473887437686065027e+01
7.286371335592924936e+01
7.093269094903520511e+01
6.896643433674566381e+01
6.695817217308446345e+01
6.493563272326187530e+01
6.291561124445351538e+01
6.088274822861551172e+01
5.885116252960471428e+01
5.676172802015535268e+01
5.464346955892150959e+01
5.251862862343272553e+01
5.038499561494332113e+01
4.825670307373787438e+01
4.610812764590520629e+01
4.397026782159645109e+01
4.183164701027380517e+01
3.969972450474616465e+01
3.757651441873410647e+01
3.549157805023617129e+01
3.345381383394941821e+01
3.146091328935334275e+01
2.951587752198109982e+01
2.763926185794696266e+01
2.585046060483828967e+01
2.412225927243353141e+01
2.247701345475633516e+01
2.091537639561992634e+01
1.944136955705507219e+01
1.806512946875141878e+01
1.677655831034873657e+01
1.557505476740981543e+01
1.444383674187658961e+01
1.338594158739018170e+01
1.240196673103500657e+01
1.148949350448291717e+01
1.065020778148217317e+01
9.897899234699963245e+00
9.231654136378359965e+00
8.629896212103815856e+00
8.073575279041094177e+00
7.558299152201305660e+00
7.116914231396773260e+00
6.732505757427547977e+00
6.369593716638956238e+00
6.017860146367445928e+00
5.695314944490806219e+00
5.405598189608126880e+00
5.124402329532604661e+00
4.848568305335688500e+00
4.587544104787666832e+00
4.351896385210105578e+00
4.145145246747377499e+00
3.944240429566714390e+00
3.780162876638306635e+00
3.642475843313889960e+00
3.510593616559196661e+00
3.374068438601122821e+00
3.233215570521062787e+00
3.126196053425039700e+00
3.021667071292521989e+00
2.916141097274345562e+00
2.793698876175969570e+00
2.656406966848579021e+00
2.520467444156667458e+00
2.398854593071106933e+00
2.285801522253962492e+00
2.173259507293078041e+00
2.072630788509842059e+00
1.943888190397222937e+00
1.833821448107860519e+00
1.739974230945279920e+00
1.652081139410074950e+00
1.587534424314784198e+00
1.514993235560054607e+00
1.445444643937220386e+00
1.376306236980560094e+00
1.311570973959420572e+00
1.262014674050170759e+00
1.240715587703693057e+00
1.202867734196142901e+00
1.153660220939797476e+00
1.102274726949230343e+00
1.047477139954662295e+00
9.898562426633462641e-01
9.288888418952004900e-01
8.811415279644855270e-01
8.192260705005588450e-01
7.350421703654068661e-01
6.328691958173795484e-01
5.451500318385456012e-01
4.566458864106696658e-01
3.689751006991566218e-01
2.873780380799956236e-01
2.172510528404985042e-01
1.476427389643540644e-01
7.068058191261787637e-02
6.326675924909444526e-03
-4.853485464657093101e-02
-1.029809576977036290e-01
-1.615501829989693938e-01
-2.197532446866610756e-01
-2.793891317387664497e-01
-3.367316033136953379e-01
-3.755498472123814935e-01
-4.017798879536501055e-01
-4.281005340785302149e-01
-4.588027676502635654e-01
-4.817420514499700102e-01
-4.996407315930102011e-01
-5.082969593547640441e-01
-5.254887046428072805e-01
-5.770436977906298059e-01
-6.666830678990973702e-01
-7.222873592210468097e-01
-7.671809610529105594e-01
-8.159961143393649197e-01
-8.725320802233886841e-01
-9.444227487343748173e-01
-1.023539518781677149e+00
-1.119862649855313030e+00
-1.202545075262654528e+00
-1.250413294915783791e+00
-1.263423139479910473e+00
-1.313721380902208802e+00
-1.392999351387814055e+00
-1.477927119703523084e+00
-1.548287369039854422e+00
-1.598685572685089706e+00
-1.629197202430809233e+00
-1.643034108263838444e+00
-1.663144027853928231e+00
-1.693878493090628545e+00
-1.729042845334744394e+00
-1.778955068687507080e+00
-1.812163997818891037e+00
-1.866524514525170986e+00
-1.931423365374595580e+00
-1.997752929332887950e+00
-2.066648405342990547e+00
-2.142656427538547792e+00
-2.215133700068163680e+00
-2.295739790131222868e+00
-2.383570372655290370e+00
-2.454691988005353931e+00
-2.510220925725622276e+00
-2.573248587371073981e+00
-2.608191108746596321e+00
-2.654774626473227706e+00
-2.717593278093612508e+00
-2.777505225508732689e+00
-2.830470950278213493e+00
-2.857912207155056894e+00
-2.868259190490074939e+00
-2.883836198494918346e+00
-2.918046241923379913e+00
-2.917895988159159071e+00
-2.952281278590489055e+00
-2.983137967733372697e+00
-3.006241055058035627e+00
-3.030380491357758999e+00
-3.061807698277876355e+00
-3.094547098986125899e+00
-3.119051199126214424e+00
-3.150243159893952871e+00
-3.169723287818929869e+00
-3.181882091793740486e+00
-3.191963702667742542e+00
-3.203939459348867480e+00
-3.184881301020243249e+00
-3.152072133084038441e+00
-3.110185679531901393e+00
-3.080815597544778406e+00
-3.090933086369316296e+00
-3.122018761511526908e+00
-3.181590468419092321e+00
-3.228474776226101906e+00
-3.250216261131399165e+00
-3.281844210384154081e+00
-3.365623344075100665e+00
-3.455442810590592106e+00
-3.550948643002078242e+00
-3.625394073835794373e+00
-3.655738449202567519e+00
-3.673162237837616306e+00
-3.695962738631196398e+00
-3.734565337571611021e+00
-3.775334722380363495e+00
-3.801250267571604891e+00
-3.808908955872166491e+00
-3.813280838134387896e+00
-3.806174805005325901e+00
-3.814872970532625640e+00
-3.828099367969022726e+00
-3.826103758439789448e+00
-3.814777609192697483e+00
-3.823299611868227199e+00
-3.788511154800509928e+00
-3.752565080619258531e+00
-3.714960099634873281e+00
-3.669261948197002798e+00
-3.620407956167966290e+00
-3.579248256604268708e+00
-3.530766703122398376e+00
-3.497622250807717936e+00
-3.476759527126714655e+00
-3.442390596369730105e+00
-3.450258863705482515e+00
-3.469824817062501676e+00
-3.497410265127864015e+00
-3.537245644669313904e+00
-3.583968117448950608e+00
-3.629220778427793448e+00
-3.686854290839976400e+00
-3.721511899155636183e+00
-3.734063227211515734e+00
-3.748840139032730168e+00
-3.779677051641407104e+00
-3.793043008587511977e+00
-3.789472029134181241e+00
-3.785254132003267102e+00
-3.782364227443250293e+00
-3.764438657260741561e+00
-3.758507765023141101e+00
-3.780941865869797525e+00
-3.793531979784659836e+00
-3.790706583353257830e+00
-3.777868773375177902e+00
-3.770485795893791625e+00
-3.767954952812666569e+00
-3.767698886138485914e+00
-3.773444219134904021e+00
-3.782974239293288576e+00
-3.779380020536803553e+00
-3.760556858868536523e+00
-3.753992279503668428e+00
-3.753992279503668428e+00
-3.753992279503668428e+00
-3.753992279503668428e+00
-3.753992279503668428e+00
-3.753992279503668428e+00
-3.753992279503668428e+00
-3.753992279503668428e+00
-3.753992279503668428e+00
-3.753992279503668428e+00
-3.753992279503668428e+00
-3.753992279503668428e+00
-3.753992279503668428e+00
-3.753992279503668428e+00
-3.753992279503668428e+00
-3.753992279503668428e+00
-3.753992279503668428e+00
-3.753992279503668428e+00
-3.753992279503668428e+00
-3.753992279503668428e+00
-3.753992279503668428e+00
-3.753992279503668428e+00
-3.753992279503668428e+00
-3.753992279503668428e+00
-3.753992279503668428e+00
-3.753992279503668428e+00
-3.753992279503668428e+00
-3.753992279503668428e+00
-3.753992279503668428e+00
-3.753992279503668428e+00
-3.753992279503668428e+00
-3.753992279503668428e+00
-3.753992279503668428e+00
-3.753992279503668428e+00
-3.753992279503668428e+00
-3.753992279503668428e+00
-3.753992279503668428e+00
-3.753992279503668428e+00
-3.753992279503668428e+00
-3.753992279503668428e+00
-3.753992279503668428e+00
-3.753992279503668428e+00
-3.753992279503668428e+00
-3.753992279503668428e+00
-3.753992279503668428e+00
-3.753992279503668428e+00
-3.753992279503668428e+00
-3.753992279503668428e+00
-3.753992279503668428e+00
-3.753992279503668428e+00
-3.753992279503668428e+00
-3.753992279503668428e+00
-3.753992279503668428e+00
-3.753992279503668428e+00
-3.753992279503668428e+00
-3.753992279503668428e+00
-3.753992279503668428e+00
-3.753992279503668428e+00
-3.753992279503668428e+00
-3.753992279503668428e+00
-3.753992279503668428e+00
-3.753992279503668428e+00
-3.753992279503668428e+00
-3.753992279503668428e+00
-3.753992279503668428e+00
-3.753992279503668428e+00
-3.753992279503668428e+00
-3.753992279503668428e+00
-3.753992279503668428e+00
-3.753992279503668428e+00
-3.753992279503668428e+00
-3.753992279503668428e+00
-3.753992279503668428e+00
-3.753992279503668428e+00
-3.753992279503668428e+00
-3.753992279503668428e+00
-3.753992279503668428e+00
-3.753992279503668428e+00
-3.753992279503668428e+00
-3.753992279503668428e+00
-3.753992279503668428e+00
-3.753992279503668428e+00
-3.753992279503668428e+00
-3.753992279503668428e+00
-3.753992279503668428e+00
-3.753992279503668428e+00
-3.753992279503668428e+00
-3.753992279503668428e+00
-3.753992279503668428e+00
-3.753992279503668428e+00
-3.753992279503668428e+00
-3.753992279503668428e+00
-3.753992279503668428e+00
-3.753992279503668428e+00
-3.753992279503668428e+00
-3.753992279503668428e+00
-3.753992279503668428e+00
-3.753992279503668428e+00
-3.753992279503668428e+00
-3.753992279503668428e+00
-3.753992279503668428e+00
-3.753992279503668428e+00
-3.753992279503668428e+00
-3.753992279503668428e+00
-3.753992279503668428e+00
-3.753992279503668428e+00
-3.753992279503668428e+00
-3.753992279503668428e+00
-3.753992279503668428e+00
-3.753992279503668428e+00
-3.753992279503668428e+00
-3.753992279503668428e+00
-3.753992279503668428e+00
-3.753992279503668428e+00
-3.753992279503668428e+00
-3.753992279503668428e+00
-3.753992279503668428e+00
-3.753992279503668428e+00
-3.753992279503668428e+00
-3.753992279503668428e+00
-3.753992279503668428e+00
-3.753992279503668428e+00
-3.753992279503668428e+00
-3.753992279503668428e+00
-3.753992279503668428e+00
-3.753992279503668428e+00
-3.753992279503668428e+00
-3.753992279503668428e+00
-3.753992279503668428e+00
-3.753992279503668428e+00
-3.753992279503668428e+00
-3.753992279503668428e+00
-3.753992279503668428e+00
-3.753992279503668428e+00
-3.753992279503668428e+00
-3.753992279503668428e+00
-3.753992279503668428e+00
-3.753992279503668428e+00
-3.753992279503668428e+00
-3.753992279503668428e+00
-3.753992279503668428e+00
-3.753992279503668428e+00
-3.753992279503668428e+00
-3.753992279503668428e+00
-3.753992279503668428e+00
-3.753992279503668428e+00
-3.753992279503668428e+00
-3.753992279503668428e+00
-3.753992279503668428e+00
-3.753992279503668428e+00
-3.753992279503668428e+00
-3.753992279503668428e+00
-3.753992279503668428e+00
-3.753992279503668428e+00
-3.753992279503668428e+00
-3.753992279503668428e+00
-3.753992279503668428e+00
-3.753992279503668428e+00
-3.753992279503668428e+00
-3.753992279503668428e+00
-3.753992279503668428e+00
-3.753992279503668428e+00
-3.753992279503668428e+00
-3.753992279503668428e+00
-3.753992279503668428e+00
-3.753992279503668428e+00
-3.753992279503668428e+00
-3.753992279503668428e+00
-3.753992279503668428e+00
-3.753992279503668428e+00
-3.753992279503668428e+00
-3.753992279503668428e+00
-3.753992279503668428e+00
-3.753992279503668428e+00
-3.753992279503668428e+00
-3.753992279503668428e+00
-3.753992279503668428e+00
-3.753992279503668428e+00
-3.753992279503668428e+00
-3.753992279503668428e+00
-3.753992279503668428e+00
-3.753992279503668428e+00
-3.753992279503668428e+00
-3.753992279503668428e+00
-3.753992279503668428e+00
-3.753992279503668428e+00
-3.753992279503668428e+00
-3.753992279503668428e+00
-3.753992279503668428e+00
-3.753992279503668428e+00
-3.753992279503668428e+00
-3.753992279503668428e+00
-3.753992279503668428e+00
-3.753992279503668428e+00
-3.753992279503668428e+00
-3.753992279503668428e+00
-3.753992279503668428e+00
-3.753992279503668428e+00
-3.753992279503668428e+00
-3.753992279503668428e+00
-3.753992279503668428e+00
-3.753992279503668428e+00
-3.753992279503668428e+00
-3.753992279503668428e+00
-3.753992279503668428e+00
-3.753992279503668428e+00
-3.753992279503668428e+00
-3.753992279503668428e+00
-3.753992279503668428e+00
-3.753992279503668428e+00
-3.753992279503668428e+00
-3.753992279503668428e+00
-3.753992279503668428e+00
-3.753992279503668428e+00
-3.753992279503668428e+00
-3.753992279503668428e+00
-3.753992279503668428e+00
-3.753992279503668428e+00
-3.753992279503668428e+00
-3.753992279503668428e+00
-3.753992279503668428e+00
-3.753992279503668428e+00
-3.753992279503668428e+00
-3.753992279503668428e+00
-3.753992279503668428e+00
-3.753992279503668428e+00
-3.753992279503668428e+00
-3.753992279503668428e+00
-3.753992279503668428e+00
-3.753992279503668428e+00
-3.753992279503668428e+00
-3.753992279503668428e+00
-3.753992279503668428e+00
-3.753992279503668428e+00
-3.753992279503668428e+00
-3.753992279503668428e+00
-3.753992279503668428e+00
-3.753992279503668428e+00
-3.753992279503668428e+00
-3.753992279503668428e+00
-3.753992279503668428e+00
-3.753992279503668428e+00
-3.753992279503668428e+00
-3.753992279503668428e+00
-3.753992279503668428e+00
-3.753992279503668428e+00
-3.753992279503668428e+00
-3.753992279503668428e+00
-3.753992279503668428e+00
-3.753992279503668428e+00
-3.753992279503668428e+00
-3.753992279503668428e+00
-3.753992279503668428e+00
-3.753992279503668428e+00
-3.753992279503668428e+00
-3.753992279503668428e+00
-3.753992279503668428e+00
-3.753992279503668428e+00
-3.753992279503668428e+00
-3.753992279503668428e+00
-3.753992279503668428e+00
-3.753992279503668428e+00
-3.753992279503668428e+00
-3.753992279503668428e+00
-3.753992279503668428e+00
-3.753992279503668428e+00
-3.753992279503668428e+00
-3.753992279503668428e+00
-3.753992279503668428e+00
-3.753992279503668428e+00
-3.753992279503668428e+00
-3.753992279503668428e+00
-3.753992279503668428e+00
-3.753992279503668428e+00
-3.753992279503668428e+00
-3.753992279503668428e+00
-3.753992279503668428e+00
-3.753992279503668428e+00
-3.753992279503668428e+00
-3.753992279503668428e+00
-3.753992279503668428e+00
-3.753992279503668428e+00
-3.753992279503668428e+00
-3.753992279503668428e+00
-3.753992279503668428e+00
-3.753992279503668428e+00
-3.753992279503668428e+00
-3.753992279503668428e+00
-3.753992279503668428e+00
-3.753992279503668428e+00
-3.753992279503668428e+00
-3.753992279503668428e+00
-3.753992279503668428e+00
-3.753992279503668428e+00
-3.753992279503668428e+00
-3.753992279503668428e+00
-3.753992279503668428e+00
-3.753992279503668428e+00
-3.753992279503668428e+00
-3.753992279503668428e+00
-3.753992279503668428e+00
-3.753992279503668428e+00
-3.753992279503668428e+00
-3.753992279503668428e+00
-3.753992279503668428e+00
-3.753992279503668428e+00
-3.378593051553301585e+00
-3.003193823602935186e+00
-2.627794595652568344e+00
-2.252395367702201501e+00
