9.138930069715026860e+00
1.185049035299345377e+01
1.475665792960818301e+01
1.788222024647245334e+01
2.124167101314618122e+01
2.487614557378955027e+01
2.762230556081987487e+01
3.036023562782853702e+01
3.306179410805277996e+01
3.572758271120147100e+01
3.831253974046776278e+01
4.106271826725323848e+01
4.392455553176320393e+01
4.683949632377641592e+01
4.977477215340083205e+01
5.265927076425180786e+01
5.551203763626318022e+01
5.825609540618197002e+01
6.088817473189507012e+01
6.337772660319983231e+01
6.576125023021866411e+01
6.804618992812562794e+01
7.024057138643790665e+01
7.238055085502954000e+01
7.444770609754722557e+01
7.646047685132201366e+01
7.837533350140365940e+01
8.024117180423181139e+01
8.203172580769788169e+01
8.373856950123627030e+01
8.534436547690606290e+01
8.683128895267311975e+01
8.819252023515883820e+01
8.943222392906719165e+01
9.058301115625985744e+01
9.163445995162373947e+01
9.260830425159788604e+01
9.350117078795858561e+01
9.432622052860980943e+01
9.508909341693689043e+01
9.578160907510716982e+01
9.641041187583073224e+01
9.697895976814922392e+01
9.747787922254732962e+01
9.791174300664611962e+01
9.829748626636373388e+01
9.863687993702448864e+01
9.893102535520370111e+01
9.918703819081827078e+01
9.941379987220085468e+01
9.961858492875320792e+01
9.980930691018200207e+01
9.998608668698962276e+01
1.001523369417128180e+02
1.002978128920781273e+02
1.004310428096080017e+02
1.005590392587336197e+02
1.006790518985895488e+02
1.007952232665426209e+02
1.009037088599691145e+02
1.010000000000000000e+02
1.010715711717208336e+02
1.011193337760524287e+02
1.011423035972436821e+02
1.011341234938763307e+02
1.010991697778907934e+02
1.010341246459458375e+02
1.009466656578574373e+02
1.008348784677419445e+02
1.007144370333624295e+02
1.005920748717846607e+02
1.004775878787435914e+02
1.003838197029253649e+02
1.003079732894755978e+02
1.002543271186388409e+02
1.002146021756886967e+02
1.001866756384626598e+02
1.001598672772830270e+02
1.001295659390111439e+02
1.000850041803039545e+02
1.000186935772496639e+02
9.993142611434129208e+01
9.981182329224054683e+01
9.966723664476752731e+01
9.950498424450920254e+01
9.933249104895143944e+01
9.915858751209665911e+01
9.899017335975521803e+01
9.882694543341628446e+01
9.866546674697234209e+01
9.851043726925779254e+01
9.836436334967494588e+01
9.823206536569158231e+01
9.810686473395948326e+01
9.798277059336972172e+01
9.785467752730610869e+01
9.772162965789232203e+01
9.758561922848755898e+01
9.745641643141303234e+01
9.733704632775263121e+01
9.722328437117546684e+01
9.711563301034608742e+01
9.701531972578153784e+01
9.692476514796504716e+01
9.684677630194548215e+01
9.678256493593229948e+01
9.672315041316589657e+01
9.666300454459310743e+01
9.659517914279790318e+01
9.651673707152072268e+01
9.642943323681566881e+01
9.633914500949242665e+01
9.623951864013943691e+01
9.613347648057577999e+01
9.602309629351708509e+01
9.590272895449044199e+01
9.577663749672562687e+01
9.564918525268744531e+01
9.552128849844881131e+01
9.539306975674082878e+01
9.526195298789552623e+01
9.512114711975844727e+01
9.497236109274037119e+01
9.481891634629970156e+01
9.466317116027705936e+01
9.451583983524265875e+01
9.437640366640764000e+01
9.423988157814378042e+01
9.410994735200665673e+01
9.399680012308438393e+01
9.390046555646426896e+01
9.382387447325292840e+01
9.376225131856111261e+01
9.370395078145908485e+01
9.364472114821479920e+01
9.358401948972135642e+01
9.352357977185177162e+01
9.345842727881627354e+01
9.338907449804251826e+01
9.330118026578801960e+01
9.318892223121875418e+01
9.307463335412802508e+01
9.295817276242908633e+01
9.284078842813626409e+01
9.271618129611211145e+01
9.258559924574416300e+01
9.245155460801397851e+01
9.231651877014085983e+01
9.217816373589351997e+01
9.203706439137093298e+01
9.189308533145877789e+01
9.174773937928965495e+01
9.161552140788626275e+01
9.149015415847101451e+01
9.137179228144538001e+01
9.125905620617380976e+01
9.115213887976577212e+01
9.105580740203022572e+01
9.096746075055965264e+01
9.088394578507985955e+01
9.079546221268522288e+01
9.070049904709273392e+01
9.059259392374775643e+01
9.048692909168649123e+01
9.037993161030084366e+01
9.026908776058945705e+01
9.015216365068864945e+01
9.003372050012322347e+01
8.993038638145989694e+01
8.983692550542261301e+01
8.975455943776302092e+01
8.967827325757434664e+01
8.960537791821512599e+01
8.952759389749053298e+01
8.945579302662800103e+01
8.938703404040640521e+01
8.932220297496104422e+01
8.925849651913158311e+01
8.919568882813206301e+01
8.912699064491459922e+01
8.905717946680667296e+01
8.899116888516381607e+01
8.892400424203307807e+01
8.885467893634879033e+01
8.877550223775216409e+01
8.868706279241837365e+01
8.859355972673799329e+01
8.848714443646714756e+01
8.836690195854703234e+01
8.823398572871393242e+01
8.809009451740308805e+01
8.793873892056706154e+01
8.778967080127380029e+01
8.764919316577162078e+01
8.751502496583539426e+01
8.739125774337330199e+01
8.726827215445926811e+01
8.715747832578665566e+01
8.705399884163843183e+01
8.695721179416975133e+01
8.686337911711662230e+01
8.676382958262099976e+01
8.665351983305725980e+01
8.653827153905805858e+01
8.623425197317176583e+01
8.593165548845730939e+01
8.563548606852235423e+01
8.533824499796489249e+01
8.504008689527456966e+01
8.474195582080703559e+01
8.444491400427529015e+01
8.414673952317623673e+01
8.384370776104293554e+01
8.352684188914633978e+01
8.339866990021998561e+01
8.326830720026450194e+01
8.313565062557837848e+01
8.300500592602530503e+01
8.288078294472475704e+01
8.276692787059805312e+01
8.266055606717776527e+01
8.256887379270409610e+01
8.248580192699667180e+01
8.241401307428733958e+01
8.234130778437314291e+01
8.225937243651358699e+01
8.218487835110637718e+01
8.211564352907063835e+01
8.205418739249294902e+01
8.199841289320293924e+01
8.195328602337409052e+01
8.191348113524780672e+01
8.188261788749247216e+01
8.185581070757397981e+01
8.182222036845541879e+01
8.178330838682688864e+01
8.174113054121814059e+01
8.169580009663641817e+01
8.164394064167564125e+01
8.158569364452706907e+01
8.151616635023053448e+01
8.143551578857348261e+01
8.134796253964660195e+01
8.125348701724145428e+01
8.115289388615742894e+01
8.104520862947553894e+01
8.092798371484849440e+01
8.080131822090646665e+01
8.066708975770728784e+01
8.053473114002746058e+01
8.040454843314449818e+01
8.027848183234608825e+01
8.016019310396987407e+01
8.007105897039548381e+01
7.998916644458115854e+01
7.991242453579432947e+01
7.984093151677257083e+01
7.976959459426258547e+01
7.969852771631629196e+01
7.961665838397111372e+01
7.952492206156274790e+01
7.942659196900670793e+01
7.932250850217445759e+01
7.921118743970801290e+01
7.908786470907956812e+01
7.895518788653183151e+01
7.881310996126501323e+01
7.866930524831063565e+01
7.852546097905903366e+01
7.838014411997998820e+01
7.823417803888702338e+01
7.809126488503453345e+01
7.796519173914967382e+01
7.785770777411794086e+01
7.777467026788454518e+01
7.771509168082117469e+01
7.767937751271395541e+01
7.765960195586583836e+01
7.765630951605814403e+01
7.766977470110983006e+01
7.768588328117431274e+01
7.766772459144519303e+01
7.762556489704276430e+01
7.756043079303771037e+01
7.747228098103124694e+01
7.736797226133082006e+01
7.724135269020013084e+01
7.709508626848938206e+01
7.692641281865296321e+01
7.673666484266973953e+01
7.654139642414430966e+01
7.634553707537408229e+01
7.615590783715478551e+01
7.597003890118187996e+01
7.578737964582634845e+01
7.560267505094415696e+01
7.541943995831660175e+01
7.524885065879260537e+01
7.509229098300343708e+01
7.495152161470015528e+01
7.481931378787845688e+01
7.468999459022283816e+01
7.456077225097959627e+01
7.442745099720322344e+01
7.429379988479580277e+01
7.415167544770120855e+01
7.400111008222374664e+01
7.383273945723985321e+01
7.364592448425386806e+01
7.344759067112426010e+01
7.323784381656287223e+01
7.302745537477389348e+01
7.303172421843066786e+01
7.304474194484937755e+01
7.306443227151250142e+01
7.310295541192205349e+01
7.316742203545231860e+01
7.326511690508679919e+01
7.339226414009729638e+01
7.354634336950566365e+01
7.372127457525564864e+01
7.391334629429358927e+01
7.390538357155546123e+01
7.390492058489694216e+01
7.390450702769282998e+01
7.388821770521136045e+01
7.384978953070124419e+01
7.378551398043087772e+01
7.370473201010530317e+01
7.360200339025612948e+01
7.347594849027237274e+01
7.331981333175299653e+01
7.313764009511584163e+01
7.293544703956820285e+01
7.272331414874795996e+01
7.251080064106518819e+01
7.229937865662493834e+01
7.208437608738731228e+01
7.187343677706488165e+01
7.168416784523830643e+01
7.151710006368030292e+01
7.139050046983653885e+01
7.130231327695298660e+01
7.124445013354183232e+01
7.120905021375257604e+01
7.119535073588521357e+01
7.119715217400214158e+01
7.120560986398744774e+01
7.121471501143480509e+01
7.120861302206166954e+01
7.118551595908921570e+01
7.113971326010066321e+01
7.107653080583192207e+01
7.100445127859732963e+01
7.092424524432721000e+01
7.083659913238723504e+01
7.074425869899782526e+01
7.064826664569837078e+01
7.054468222094462249e+01
7.044060047546295777e+01
7.033985260996230693e+01
7.023795298443425850e+01
7.013043000105653846e+01
7.001818579799046915e+01
6.990146321000280238e+01
6.979354094171495149e+01
6.969203025289094455e+01
6.959900180355579380e+01
6.951319170095604250e+01
6.943101725242605937e+01
6.935461802422422295e+01
6.928317514424914236e+01
6.921440368076423511e+01
6.914186965842881705e+01
6.906505337433867453e+01
6.897752023194510684e+01
6.887086698843340571e+01
6.874064512475889899e+01
6.859010845492909425e+01
6.842025868285513468e+01
6.822825728941816692e+01
6.801912540403715468e+01
6.780214439017704819e+01
6.758497355205358303e+01
6.736996034595486549e+01
6.716666420885837852e+01
6.698063807661445423e+01
6.681559979091018420e+01
6.667670822733481373e+01
6.656114245465700208e+01
6.645853682804084883e+01
6.636490742060259151e+01
6.627625518167471341e+01
6.617710519746550801e+01
6.607357927756196148e+01
6.596495890235851789e+01
6.584786448484283028e+01
6.572765501097616436e+01
6.559952754044914514e+01
6.546405294208884129e+01
6.533969509503546647e+01
6.522867602937675713e+01
6.512589648206287052e+01
6.502935538655660253e+01
6.494170812416490435e+01
6.485521915604168441e+01
6.478049981313944272e+01
6.471909732480969524e+01
6.465972442052590452e+01
6.460019399013414443e+01
6.453159295830404574e+01
6.445246241148416289e+01
6.436824290879312116e+01
6.428223613952633286e+01
6.419420569887125794e+01
6.410252769023425401e+01
6.400501983234299530e+01
6.389425743793636059e+01
6.378203983120822329e+01
6.367702685105649607e+01
6.357734516282239667e+01
6.349005599272705780e+01
6.340491792203587806e+01
6.332098855255462411e+01
6.323649922170125137e+01
6.315919328182722126e+01
6.309087102410807546e+01
6.303031410728981143e+01
6.297491763575006019e+01
6.292262369651265885e+01
6.287629713673127441e+01
6.283715068569397744e+01
6.280955556383134564e+01
6.279568804495402645e+01
6.279066325977620266e+01
6.278887576247112889e+01
6.278398468609309901e+01
6.277516668430278912e+01
6.276106390576842387e+01
6.273009692212635713e+01
6.268104167697292439e+01
6.260978523481776392e+01
6.251341745695644647e+01
6.239354170763741081e+01
6.225733251951439939e+01
6.210906335351528185e+01
6.195872934177183566e+01
6.181995039942040648e+01
6.169654245576240470e+01
6.157500159552915875e+01
6.146228997436751484e+01
6.136710147126491677e+01
6.128176495217403641e+01
6.119892670383114819e+01
6.110977356006276295e+01
6.100535719164759030e+01
6.087394638209200082e+01
6.071191783571485701e+01
6.052040212912764616e+01
6.031026085538853465e+01
6.009092319669889548e+01
5.987273516998230605e+01
5.966675170114727678e+01
5.947787191966186526e+01
5.930928478087174938e+01
5.916823737634818769e+01
5.905558381756057429e+01
5.896606882543529338e+01
5.889128789122307950e+01
5.882960698755876905e+01
5.876627982389508276e+01
5.869519476062755814e+01
5.861888403320231333e+01
5.853951626670398412e+01
5.846167847281193986e+01
5.838236890802377133e+01
5.830634733438848372e+01
5.823959749558994758e+01
5.818980477054407174e+01
5.814155867889875395e+01
5.809530638229485078e+01
5.804773086635000112e+01
5.799250801939024313e+01
5.792884799777016980e+01
5.785422182063165764e+01
5.776868581459908825e+01
5.767596891665677106e+01
5.757979224235412374e+01
5.748661367602429095e+01
5.739319880788607975e+01
5.730283782406394266e+01
5.721601637640256399e+01
5.712492242148995558e+01
5.703059420393004331e+01
5.693728305069500095e+01
5.684765779855147372e+01
5.676078712175536367e+01
5.668019246960993485e+01
5.659958495958403546e+01
5.652429655968559530e+01
5.646662393149691894e+01
5.643126284323088981e+01
5.641975503177406637e+01
5.642657052220874192e+01
5.644572600200772428e+01
5.647087273499230520e+01
5.649018161152458362e+01
5.650623378426666932e+01
5.652118164578651260e+01
5.652459505763979308e+01
5.650346002320287653e+01
5.645661703766826633e+01
5.639013421469987009e+01
5.630776154401841183e+01
5.621373253311474372e+01
5.611144421115131564e+01
5.599594655659255693e+01
5.587186446490488834e+01
5.574147762853132093e+01
5.561274020220181313e+01
5.549081327453446733e+01
5.537243995768562854e+01
5.525599835988244024e+01
5.514203607659521111e+01
5.502585984667442176e+01
5.491020411840230508e+01
5.480118889632579027e+01
5.469593266913239660e+01
5.459521066806168932e+01
5.450350667030683383e+01
5.441037200693684639e+01
5.431672835424781454e+01
5.423474676967211394e+01
5.416171713746665972e+01
5.410590519727583114e+01
5.406348258347545510e+01
5.402460930391506366e+01
5.398400228536116430e+01
5.395056645219824532e+01
5.392251586031891719e+01
5.390266136426276233e+01
5.389254782640686869e+01
5.387459859726823908e+01
5.385392542306636443e+01
5.382691616759710485e+01
5.379774179985133031e+01
5.376622160099512371e+01
5.373744475885187200e+01
5.370476178694691782e+01
5.366752619723903450e+01
5.363577547647427934e+01
5.360447067022204948e+01
5.357800026520309444e+01
5.355304701762685227e+01
5.353466903208969541e+01
5.352102034161898558e+01
5.351278258275373645e+01
5.350409020677459182e+01
5.349021854320655933e+01
5.346207488990237522e+01
5.341919649562624528e+01
5.336725032593339080e+01
5.330195135554861707e+01
5.321480532596666535e+01
5.311144500598652485e+01
5.300010436827609084e+01
5.288315427289770554e+01
5.277077508296077468e+01
5.265502197793855288e+01
5.253989377653055470e+01
5.242485253139450663e+01
5.230620673183962310e+01
5.218140089695687323e+01
5.204648636845027454e+01
5.189659412728736498e+01
5.173647113135915987e+01
5.157775212001208587e+01
5.142060098394516388e+01
5.127213450458103239e+01
5.113753828089930664e+01
5.101915416701913131e+01
5.092625182168050912e+01
5.087075103747453397e+01
5.084386786079650022e+01
5.084712845326252761e+01
5.086641325887598697e+01
5.089628074037801042e+01
5.093444775835227745e+01
5.097479151000258213e+01
5.099931952142758007e+01
5.099974704719222274e+01
5.097118285093937828e+01
5.090478293922704722e+01
5.080623971324104104e+01
5.066546513334353108e+01
5.048820237559296231e+01
5.027294085901704790e+01
5.003377256942654583e+01
4.977703372049694508e+01
4.952167096616788911e+01
4.927048650741689073e+01
4.903380973337439741e+01
4.882629182586683214e+01
4.864692721866041580e+01
4.850744219381342504e+01
4.840279976067750312e+01
4.833082123699432486e+01
4.827694377053746422e+01
4.823801492743264419e+01
4.820614194594476487e+01
4.817089179583838643e+01
4.812013957741666559e+01
4.803862076853166485e+01
4.792407091277215869e+01
4.777589078768784958e+01
4.759679817252620637e+01
4.739214077036501749e+01
4.716298643231686327e+01
4.691894595666167334e+01
4.666875506221382608e+01
4.643980413938259488e+01
4.623275617027841378e+01
4.604895972307959795e+01
4.589868856712108425e+01
4.577763398363998704e+01
4.568706487534992533e+01
4.561974238671015058e+01
4.557325458553899722e+01
4.553932620880645032e+01
4.550934632394373125e+01
4.547292456752366263e+01
4.542176149293906207e+01
4.535720910302458009e+01
4.527658413456189379e+01
4.517030362100385332e+01
4.502377557317135626e+01
4.482915956771743282e+01
4.458568883645338587e+01
4.429078107475130111e+01
4.393456814546261313e+01
4.351815165166631516e+01
4.302899733919718273e+01
4.246382413480818485e+01
4.182801925717473068e+01
4.114071884622421749e+01
4.040427381055766176e+01
3.922073734529949007e+01
3.760903616006963546e+01
3.557523550210166974e+01
3.140678294128576198e+01
2.730692824648482286e+01
2.329127303771014112e+01
1.936348517214618425e+01
