8.950766163690937915e+00
8.869854220391941269e+00
8.834875956459473656e+00
8.858059832000169109e+00
8.968938819574853838e+00
9.251042114078490641e+00
9.666111807121700039e+00
1.019161846528895943e+01
1.073549588558260659e+01
1.131558367379786922e+01
1.195603495724557419e+01
1.268040313313971090e+01
1.348902867801857752e+01
1.441797443040271354e+01
1.549119320226756713e+01
1.674837702323593902e+01
1.810087448950486078e+01
1.958831151341104260e+01
2.105945583223932616e+01
2.267600306873251625e+01
2.434894601216964460e+01
2.623127203718190614e+01
2.810546270711271077e+01
2.997016476002885099e+01
3.183617981719280010e+01
3.387235557871270686e+01
3.610640096164425472e+01
3.847211646252780781e+01
4.091263686351152273e+01
4.337688140580234375e+01
4.581851602443541793e+01
4.812291844848650868e+01
5.031831103169789543e+01
5.267282996755754709e+01
5.517927743753507741e+01
5.773916131196840951e+01
5.987036120812927464e+01
6.193361846010767380e+01
6.426015724934937623e+01
6.700211787648090933e+01
6.971666461871987508e+01
7.229783985197606455e+01
7.472604704942270359e+01
7.717612208358282544e+01
7.943598585376008714e+01
8.165359344901985139e+01
8.363678025735633526e+01
8.553101748575775787e+01
8.721169620384095822e+01
8.877753684282609470e+01
9.015580488474455478e+01
9.141928458073905972e+01
9.262431498206804292e+01
9.386808572245477933e+01
9.514398844675675093e+01
9.642604660004509753e+01
9.753254923061128068e+01
9.843525159387290557e+01
9.909063239508625998e+01
9.954148763235887998e+01
9.983431407602043350e+01
9.999078832886858947e+01
1.000000000000000000e+02
9.980448453997615843e+01
9.943459843384665930e+01
9.893996526003355996e+01
9.832034932519790971e+01
9.759169699546588106e+01
9.676718499007914431e+01
9.585211785220208469e+01
9.486665816258121708e+01
9.366181347213860420e+01
9.218102985323196208e+01
9.043676924765998137e+01
8.863976668956134120e+01
8.707504068162091926e+01
8.557613177562910778e+01
8.404413799675110397e+01
8.234628944141950058e+01
8.045189304707717781e+01
7.843201786597165892e+01
7.624913130525894189e+01
7.400129050535620934e+01
7.163275495245217428e+01
6.921475423731305909e+01
6.673952207500809664e+01
6.422613381246389963e+01
6.148746544121491553e+01
5.863481801039114316e+01
5.578450824002882058e+01
5.318622177663683459e+01
5.083032437136466797e+01
4.852035238147789897e+01
4.630234894191224271e+01
4.401701042414566700e+01
4.176186333665512507e+01
3.945300601677671182e+01
3.718829009940341734e+01
3.496943076837331432e+01
3.282153838955407821e+01
3.062546895601898456e+01
2.849454113251588439e+01
2.639295517880031383e+01
2.444697168122461051e+01
2.258200697946503510e+01
2.081245098941444027e+01
1.909740434750369431e+01
1.745425551775728223e+01
1.579620972000789436e+01
1.434230958836113601e+01
1.301187803296524059e+01
1.181388936791630861e+01
1.061380544916261748e+01
9.521849952481680646e+00
8.554751571933660870e+00
7.713094892614138942e+00
6.922429271664181094e+00
6.172688127514523337e+00
5.530352714948769233e+00
4.965364898213513456e+00
4.485338443337594683e+00
4.005162323950177239e+00
3.568811060595521667e+00
3.183946508492421223e+00
2.848745537424183905e+00
2.511798773919446059e+00
2.202654013654748777e+00
1.932570052385477410e+00
1.741552365053296691e+00
1.596929867204398557e+00
1.493459257178399779e+00
1.418238649929932649e+00
1.353339190813440673e+00
1.292293444915819212e+00
1.235221686604335067e+00
1.186577687940160164e+00
1.140367311478847290e+00
1.085082909978269283e+00
1.019678774158880197e+00
9.491185698025393913e-01
8.921448406864198599e-01
8.309665721429067009e-01
7.768957943428679291e-01
7.218293925208489892e-01
6.785942368933521873e-01
6.456000125550578339e-01
6.279366498049353540e-01
6.259242924115572260e-01
6.432146349276607333e-01
6.733061162775456632e-01
7.419561198082680331e-01
8.676897778257832705e-01
1.034965302388327846e+00
1.195815698289928397e+00
1.321421356450195983e+00
1.407175065967425365e+00
1.468871978881275187e+00
1.483542640855326056e+00
1.456848894177000586e+00
1.379627559633042733e+00
1.285763224546050632e+00
1.194407622406697511e+00
1.125009031079809541e+00
1.069971299470459769e+00
1.030514485080204157e+00
1.003650193698662152e+00
9.914751347548491633e-01
9.883812285161889255e-01
9.967299754141767387e-01
1.016878472048281301e+00
1.038393567640553128e+00
1.045176822773586256e+00
1.029884409429159264e+00
1.003636747603283252e+00
9.796966234616054647e-01
9.503788767812091365e-01
9.259776713652132507e-01
8.943540656710154968e-01
8.603332345769548750e-01
8.185249771853944090e-01
7.745602496915197088e-01
7.406856261873072667e-01
7.167722215446681311e-01
7.056553090774038139e-01
7.028200334687959572e-01
6.998006684932880361e-01
7.020642746692715708e-01
7.057292807885833241e-01
7.038661508753215612e-01
7.009372557138270343e-01
7.081375534183351750e-01
7.199307348139051266e-01
7.252445669985343457e-01
7.133600841347595978e-01
7.042210535497562818e-01
6.944626469143316827e-01
6.903901939496105422e-01
6.813116148724356336e-01
6.700095481232780648e-01
6.531905079535273995e-01
6.356858620874962229e-01
6.150337554531715156e-01
6.009670940426482533e-01
5.813747690665944656e-01
5.674002377877135350e-01
5.518120243834754302e-01
5.447245461017319323e-01
5.425136274306637807e-01
5.519206357861055068e-01
5.748857989347605502e-01
6.108810511188871306e-01
6.399250824062009402e-01
6.635486721987995384e-01
6.820456661621007166e-01
7.014708396277870017e-01
7.130225568919050794e-01
7.130949569339896099e-01
6.972831212774482923e-01
6.756795833928453954e-01
6.569422620553917458e-01
6.479765863286700567e-01
6.447664331012168404e-01
6.376552666082516696e-01
6.262249329575565460e-01
6.060515038216262029e-01
5.825466909884822186e-01
5.634540803094486572e-01
5.539400230931269542e-01
5.495646021252573732e-01
5.434015823430459191e-01
5.273642249168322138e-01
5.014056009672325231e-01
4.732145397664417885e-01
4.533750455025709614e-01
4.498704342851417293e-01
4.656974177098029410e-01
4.916169193271808235e-01
5.241347007948022885e-01
5.593033799948319285e-01
6.008178977358433759e-01
6.498184223931583459e-01
6.910248683002134795e-01
7.236907048958007849e-01
7.340679958318629961e-01
7.225542074756248212e-01
6.846980325879569174e-01
6.305383270580799948e-01
5.748892647179141280e-01
5.249744194974956812e-01
4.719755220732512191e-01
4.039500240938136422e-01
3.424794457225245337e-01
3.010850329404743952e-01
2.883255668785700832e-01
2.854111964470889551e-01
2.940567993896704979e-01
3.105804285489610628e-01
3.402794820337605164e-01
3.826643564298103928e-01
4.391535048283846110e-01
5.086248495981093853e-01
5.826406712012810463e-01
6.618588144674243390e-01
7.285794116181628644e-01
7.683551231561724926e-01
7.771046936274038641e-01
7.588548695993265758e-01
7.395858010111360237e-01
7.233077158658421935e-01
7.119810093229985704e-01
6.914056996079636086e-01
6.657724190143291532e-01
6.433289597144226102e-01
6.332051664650942824e-01
6.307639870962685746e-01
6.255210665136395898e-01
6.049241781071522661e-01
5.610188765960907320e-01
5.118138083892230794e-01
4.759697871640029554e-01
4.595826613900593216e-01
4.502744324508889950e-01
4.474286292035283830e-01
4.550803776755167895e-01
4.685805578575511499e-01
4.795828869365600378e-01
4.865024845739043813e-01
4.892258718412071938e-01
4.819845808748313698e-01
4.636427735325693855e-01
4.403320676819778012e-01
4.087799475857400999e-01
3.732074620209258620e-01
3.311806616345978060e-01
2.931305414912198093e-01
2.657272074510124704e-01
2.475345827935764575e-01
2.350513599076475002e-01
2.231074883764861960e-01
2.179723259646173528e-01
2.267087354395138366e-01
2.416967606673676994e-01
2.612208488927668659e-01
2.773473567269822415e-01
2.837270267230036502e-01
2.752155056906680497e-01
2.563169952404794061e-01
2.359274208304960319e-01
2.209232265131739759e-01
2.034654289872053212e-01
1.799213126710509369e-01
1.441511866952465137e-01
1.129003475472080964e-01
9.338112646496589397e-02
9.207780428295760100e-02
1.030285192270867095e-01
1.210817207220784841e-01
1.376759889440040963e-01
1.554566433426331218e-01
1.749964412392805424e-01
2.043401427475986798e-01
2.345179235401331774e-01
2.657679146396763059e-01
2.891751506236226454e-01
3.036431928673723468e-01
3.110820152496951985e-01
3.160109487980560239e-01
3.160199515237087087e-01
3.076461635935235361e-01
2.891295796698727938e-01
2.620402221319493297e-01
2.299992259708692199e-01
2.097621241471679943e-01
2.030369107600691614e-01
2.077742238761492444e-01
2.093239536331260864e-01
2.067764109005332251e-01
2.023377008248562758e-01
2.001684409220876038e-01
2.062636621849963658e-01
2.182325213774742312e-01
2.215759440578934647e-01
2.116157616422142396e-01
1.933241269218666236e-01
1.826685391775912937e-01
1.757281741784002260e-01
1.667536888460355582e-01
1.572740539222083900e-01
1.534520975851789704e-01
1.601246592934939261e-01
1.815188479840159630e-01
2.135885900849317509e-01
2.455390900573379276e-01
2.699462024581649189e-01
2.863815403934341641e-01
3.036513932161959972e-01
3.130702597457418190e-01
3.151009655493478001e-01
3.084649413352781311e-01
2.965149147710586797e-01
2.823370931850965881e-01
2.653979359696904683e-01
2.473668715120256878e-01
2.302630428987886835e-01
2.171618253072819249e-01
2.075013427799719257e-01
1.963914793265111036e-01
1.833010205639302725e-01
1.726805502871327780e-01
1.619099704229406411e-01
1.450225546494569306e-01
1.237846106829811332e-01
1.062831488274696284e-01
1.003404673417071236e-01
1.055178190026594826e-01
1.257349831551111963e-01
1.479908678718481196e-01
1.668406799835770171e-01
1.825658834659588670e-01
2.009709479992805303e-01
2.204171138485481185e-01
2.231355983884711069e-01
2.197293046411887829e-01
2.116162788771818182e-01
2.101756126508919909e-01
2.073262425388469887e-01
2.026711917282930098e-01
1.900383710317526953e-01
1.676364688937471703e-01
1.465091594673383346e-01
1.318549628770886162e-01
1.225607499674063322e-01
1.109265442600249757e-01
9.743861926948559071e-02
8.805352738675714663e-02
8.245350970930981349e-02
7.965382387548551602e-02
7.536214620177394963e-02
7.296794715999173342e-02
7.273886616481377299e-02
7.717585243555744046e-02
8.378362948153847412e-02
9.412584467138154776e-02
1.067431174240829617e-01
1.202204601586075727e-01
1.306360095092055085e-01
1.350421618771571741e-01
1.239354952691548301e-01
1.075600094807214469e-01
8.780936382426533793e-02
7.268224686879538876e-02
6.070664819398730733e-02
5.194104324495987107e-02
4.994784556801565994e-02
4.667371535290264911e-02
4.928373590776750218e-02
5.917391092072667863e-02
7.367173818499797577e-02
8.549164267916238569e-02
8.898722184111278188e-02
8.569906627342813166e-02
7.683269430554100221e-02
6.447471294849446699e-02
5.593971216322325690e-02
5.646621315482458492e-02
6.616343840405854160e-02
7.796433949975584143e-02
8.585005335561884943e-02
8.664478254715615724e-02
8.475760191643297303e-02
8.774483020710584225e-02
9.402017812694628274e-02
1.010626637097396252e-01
9.484870093985764417e-02
8.292081919306436288e-02
6.952931018433423926e-02
6.357738263017223557e-02
6.225419253788654073e-02
6.189577341800724802e-02
5.820809279779001755e-02
5.147593601013780024e-02
4.486273189630313879e-02
4.427376602748572115e-02
4.578469175943019470e-02
4.480887035295329224e-02
3.871723488125598800e-02
3.527169444076672100e-02
3.387803500597669909e-02
2.797245994000720215e-02
1.440786189054605280e-02
-2.435745287642234261e-03
-1.583441491632170406e-02
-2.659587627457916242e-02
-3.248197391952133140e-02
-3.703912368909791086e-02
-4.129694745581920928e-02
-5.142188443320944852e-02
-5.443664993412714731e-02
-4.835697391882803897e-02
-4.211617236613689891e-02
-4.041561353116006339e-02
-4.379504945446349717e-02
-4.613055074307315789e-02
-4.713694903458337526e-02
-4.658296485781448365e-02
-4.204449071021523765e-02
-3.814479840030196578e-02
-3.561637595589584732e-02
-2.774967114845503305e-02
-2.059570496944848617e-02
-1.060356074230940637e-02
-7.021098551588164823e-03
-3.327712714452491123e-03
-9.389031628982899558e-03
-1.860708518248851626e-02
-3.029141651109378344e-02
-3.938456221279822145e-02
-4.383676046040929641e-02
-4.711070789277398141e-02
-5.137265927474411048e-02
-5.988449818843461642e-02
-6.864154080765086374e-02
-7.457562106278375902e-02
-7.387980069488539470e-02
-7.221312835400053864e-02
-6.596075299247236567e-02
-6.387619636742636331e-02
-6.242455158369250579e-02
-6.508713754521830430e-02
-6.555062833793384725e-02
-6.486962007082411330e-02
-6.366732844028100136e-02
-6.678354831147685633e-02
-7.019421901426459165e-02
-8.019792843182409203e-02
-9.333554214793805814e-02
-1.062592745564673313e-01
-1.146447246269181180e-01
-1.171971531713214415e-01
-1.186416542457769674e-01
-1.232385773528502926e-01
-1.250069914926417725e-01
-1.255546138672822554e-01
-1.246643564389502135e-01
-1.244677571794569892e-01
-1.278359937711274485e-01
-1.280818284928977036e-01
-1.335502760270670941e-01
-1.421740539277678572e-01
-1.497622263766910655e-01
-1.553220189687149200e-01
-1.593629676624528368e-01
-1.631869045215534331e-01
-1.645602603781050333e-01
-1.671282711452810876e-01
-1.721946850404424967e-01
-1.752431181956385919e-01
-1.761861201620889272e-01
-1.777907590476102972e-01
-1.853833481348564627e-01
-1.924654357701745810e-01
-1.968131845791979140e-01
-1.995298457813425019e-01
-2.003545449215886898e-01
-1.991012022266246961e-01
-1.940075057514400736e-01
-1.877377820232509764e-01
-1.816714236671883309e-01
-1.749512573274072669e-01
-1.684346403071909082e-01
-1.660449971402333524e-01
-1.678041201554340556e-01
-1.691467762781159456e-01
-1.672544467894488129e-01
-1.653595651774036057e-01
-1.671363812345507127e-01
-1.691860898198322416e-01
-1.728390683734080668e-01
-1.743190776635713812e-01
-1.747035119627083355e-01
-1.713957829383555564e-01
-1.674929271076372461e-01
-1.648900683030783409e-01
-1.665526303684449483e-01
-1.720107388495088208e-01
-1.800657782537429530e-01
-1.877304149317940707e-01
-1.941852398974282801e-01
-2.008580184128676560e-01
-2.079921586411668522e-01
-2.168575961101582295e-01
-2.239844476101081339e-01
-2.276993955219754895e-01
-2.263127005364588828e-01
-2.221741998014034880e-01
-2.161940241060779089e-01
-2.121020917447420384e-01
-2.146202819592604172e-01
-2.222009386653442387e-01
-2.352367741957427927e-01
-2.470375250813937329e-01
-2.602547410796610672e-01
-2.712093276149264431e-01
-2.810770514672115694e-01
-2.862165450771159136e-01
-2.865872822758726013e-01
-2.820027979913122818e-01
-2.793819313860800291e-01
-2.778208001392849513e-01
-2.744472119457018744e-01
-2.633168244390687307e-01
-2.487566890344203308e-01
-2.408548610487905028e-01
-2.414959078725379404e-01
-2.478573019141230571e-01
-2.513513116935538472e-01
-2.526122967271616782e-01
-2.495696897222365040e-01
-2.430931894143093519e-01
-2.398324748954128727e-01
-2.370695711386190674e-01
-2.388416512590707808e-01
-2.344606798433710448e-01
-2.309435464985869491e-01
-2.240964186174174422e-01
-2.151559828049401935e-01
-2.067109030890305066e-01
-2.024355071456165056e-01
-2.061789431608289092e-01
-2.176202217871575639e-01
-2.347923137043095576e-01
-2.559630995279470467e-01
-2.770116686552933638e-01
-2.954496991230617375e-01
-3.085680009525252343e-01
-3.136801144147957077e-01
-3.184562775039103122e-01
-3.266421770217009524e-01
-3.389706697215313924e-01
-3.502787321974801249e-01
-3.651111604790413523e-01
-3.758734721895172770e-01
-3.826682023402112054e-01
-3.785579821442022208e-01
-3.768897095759495830e-01
-3.745371101986899598e-01
-3.730547142085118839e-01
-3.675385681409050753e-01
-3.542047316301158988e-01
-3.324345666077544448e-01
-3.079401186296215065e-01
-2.925548246840099509e-01
-2.841130542230352884e-01
-2.797122009355570982e-01
-2.707325087132213537e-01
-2.627203978370045157e-01
-2.558489223122686895e-01
