1.165244227334108018e+01
1.480287524886756501e+01
1.814861840210062027e+01
2.172139661295647883e+01
2.552291101653417726e+01
2.676928539608316271e+01
2.843335066261515465e+01
3.038194815861018228e+01
3.261392897928639201e+01
3.513742796895041920e+01
3.788909245751973742e+01
4.083604602067183720e+01
4.393606811195382988e+01
4.714784588882411498e+01
5.032708932302857363e+01
5.348034996158382626e+01
5.650930397293490870e+01
5.931177668228549038e+01
6.170377207080625226e+01
6.275805059893515647e+01
6.373965476563717658e+01
6.550059103117553150e+01
6.750062448190070086e+01
6.954037286972244658e+01
7.163890621134591186e+01
7.371994385097517011e+01
7.597128273473400384e+01
7.934899371242877919e+01
8.249165982466794844e+01
8.458981019736476981e+01
8.623169816374043251e+01
8.765252608005185664e+01
8.879698014029443698e+01
8.987880666517365569e+01
9.089545500973110848e+01
9.181137659333332124e+01
9.269711597876008113e+01
9.353711350233693622e+01
9.427351012465591396e+01
9.494844984129768761e+01
9.552847946460180140e+01
9.606532163756888565e+01
9.654008858208401023e+01
9.701896187007027095e+01
9.741014473404786145e+01
9.773903889550476265e+01
9.806052824424682512e+01
9.835361075109524620e+01
9.865376286360145741e+01
9.891928077488850590e+01
9.921207327358609973e+01
9.936196864564223574e+01
9.958669329068310105e+01
9.971571396274549670e+01
9.984455755064949756e+01
9.992709253618052401e+01
1.000237638951177388e+02
1.001385670407376409e+02
1.000799439858373745e+02
1.000606338929358401e+02
1.000000000000000000e+02
9.996059711951222937e+01
9.981057809696093841e+01
9.970169928261157111e+01
9.947734128667397613e+01
9.922740562036614165e+01
9.903295418532572114e+01
9.883419989265058803e+01
9.857058066751885406e+01
9.836708966709591095e+01
9.821938047037896524e+01
9.812113367906201233e+01
9.815653555931356777e+01
9.818648338562474009e+01
9.822109394220993295e+01
9.825366797697977006e+01
9.831005201978034336e+01
9.830986921142471147e+01
9.831930166119379066e+01
9.822895381732820397e+01
9.814535248332855133e+01
9.800985134787771358e+01
9.785318458792748686e+01
9.766060417684975903e+01
9.751868291563823732e+01
9.735503083312204353e+01
9.732340579300841910e+01
9.714605745985915064e+01
9.695073579816414622e+01
9.680549243221567224e+01
9.668810883486695218e+01
9.655152762527930577e+01
9.639388532028529255e+01
9.627586016096320520e+01
9.595658396732351036e+01
9.579028989909978975e+01
9.560559064856566636e+01
9.541221018672102616e+01
9.518340007969112548e+01
9.503001715062147525e+01
9.486919680348064787e+01
9.465826709343274104e+01
9.453732001455360034e+01
9.440160281369530537e+01
9.426134976736744875e+01
9.410245688322271462e+01
9.402473299316204702e+01
9.394625752451182166e+01
9.373214002585042692e+01
9.362394754075754122e+01
9.353805608963750728e+01
9.335644582823813664e+01
9.316568972698469508e+01
9.304346077806403059e+01
9.287793275325097397e+01
9.266158495489848690e+01
9.261656319163456885e+01
9.240430152851293144e+01
9.219934826215884982e+01
9.200651515614114828e+01
9.190162743581258553e+01
9.171010325721670142e+01
9.152724124128019412e+01
9.133307902827041858e+01
9.112647172693939979e+01
9.100633781773548492e+01
9.083768038547668766e+01
9.070845442052960550e+01
9.050941864941485449e+01
9.034359885350239949e+01
9.013298173003630609e+01
9.002431741476513594e+01
8.982735565582234472e+01
8.966304295564093252e+01
8.945211820797696589e+01
8.932642328538376830e+01
8.924137474846467910e+01
8.909588803642937194e+01
8.896291920059618974e+01
8.875439770732531031e+01
8.864523699501786780e+01
8.846987894517835116e+01
8.831597532364413894e+01
8.810750277440600087e+01
8.788224374743323608e+01
8.772632042466375424e+01
8.755704512444086163e+01
8.740678007196007115e+01
8.723376471473677896e+01
8.712128322421642679e+01
8.703343538775897059e+01
8.688800137539448087e+01
8.672218043245239016e+01
8.658486162049837276e+01
8.643052320274432532e+01
8.626882950497987679e+01
8.614636851722846700e+01
8.605183607514734945e+01
8.587470182301049704e+01
8.578900295127003517e+01
8.573005750511167378e+01
8.558776385164694034e+01
8.545502670399531553e+01
8.532144397434663574e+01
8.516575972021026075e+01
8.492525035144015533e+01
8.482051452230955135e+01
8.459673930820521548e+01
8.441108254714919212e+01
8.423630124728221347e+01
8.408644462086233773e+01
8.394015138277927690e+01
8.378322098318226097e+01
8.364848021939369005e+01
8.344018263242138289e+01
8.325156124355684994e+01
8.307932442639773285e+01
8.293003409070132648e+01
8.283211587303316037e+01
8.267904651565810070e+01
8.259434662528221338e+01
8.248079620927170197e+01
8.235054589936541447e+01
8.228567871315338778e+01
8.214480975394926077e+01
8.203352132621954240e+01
8.189577234473055967e+01
8.176358863403724797e+01
8.154204196722540132e+01
8.135939626281812309e+01
8.120805396764183115e+01
8.104681235247682025e+01
8.086195174436214472e+01
8.068076390377612483e+01
8.046807955148806002e+01
8.029859445069651258e+01
8.012265301303295928e+01
7.997771817667620553e+01
7.981586660823499813e+01
7.973196673889239605e+01
7.967812747662732420e+01
7.957118975972234409e+01
7.948178486337766913e+01
7.944782006715087164e+01
7.938971994453021352e+01
7.930933581696125145e+01
7.920393957483635461e+01
7.907227542313137292e+01
7.892258447991667936e+01
7.880439856573340762e+01
7.863453950665834213e+01
7.841842629703118916e+01
7.827287677607537830e+01
7.811461486863771597e+01
7.803465854985491035e+01
7.792143840334935589e+01
7.775734704243303952e+01
7.764728885611258136e+01
7.756497553870954675e+01
7.748958960958293574e+01
7.734724302044645583e+01
7.730343676994878876e+01
7.716783629455819948e+01
7.700564287334607627e+01
7.689050079760308165e+01
7.669401000455088990e+01
7.649708808757176826e+01
7.626913798775831310e+01
7.611422902293325876e+01
7.588367645031016195e+01
7.573981246236812126e+01
7.556977148155843338e+01
7.541615518829101461e+01
7.532770484828490964e+01
7.521875408001173469e+01
7.512833549454876447e+01
7.503987416389399812e+01
7.495532844904784042e+01
7.480120999063564113e+01
7.467940419916145345e+01
7.460011257908927007e+01
7.444428526884004782e+01
7.431542402987389551e+01
7.417500751292475059e+01
7.405919287660577766e+01
7.393721045026620686e+01
7.384937551575403347e+01
7.373747276229434533e+01
7.356670739765549172e+01
7.345328334604403153e+01
7.336899341291032783e+01
7.327723406312232157e+01
7.310851849999572494e+01
7.295377747668312907e+01
7.283712744762065938e+01
7.269762743915316605e+01
7.259660999669267767e+01
7.250336261493087875e+01
7.241495100643386706e+01
7.230268710658890541e+01
7.222130833900102687e+01
7.215062182140307812e+01
7.202440332296940539e+01
7.194495821922110679e+01
7.185112264364187240e+01
7.167149651335381577e+01
7.154779380571798697e+01
7.140459727813761504e+01
7.129759167900415662e+01
7.116729010690347934e+01
7.097013105126985977e+01
7.081197959001805486e+01
7.066212428565819437e+01
7.056505972975884333e+01
7.035298399469292008e+01
7.019320514395948862e+01
7.002023422031106747e+01
6.982842435429587624e+01
6.971823295157618361e+01
6.957839353778642533e+01
6.941330025744177590e+01
6.924163349991950156e+01
6.912721058536945407e+01
6.906839828781176038e+01
6.897955705947094884e+01
6.883260392430737795e+01
6.875339073235221576e+01
6.863671826309325752e+01
6.848387609969022094e+01
6.833650515398313985e+01
6.819757919648077404e+01
6.803550228001753908e+01
6.783578222752932163e+01
6.768062178436932186e+01
6.748494798154411001e+01
6.740852168583431592e+01
6.730740341701879004e+01
6.716683779078869065e+01
6.705892591919192114e+01
6.688614118600759184e+01
6.672318314422520302e+01
6.662692652068128041e+01
6.646521199194920371e+01
6.623583358641145935e+01
6.607095879790412596e+01
6.592967634399326471e+01
6.574169936010549975e+01
6.560386176077204823e+01
6.551156954835998647e+01
6.532383148569344655e+01
6.523274966632605754e+01
6.509088433043559974e+01
6.493709225133513030e+01
6.485951875331012673e+01
6.477924362087328802e+01
6.464507760927835989e+01
6.448407782283045719e+01
6.436687519822925196e+01
6.424260433623480537e+01
6.416113152577555923e+01
6.399878978893616477e+01
6.382294018583313289e+01
6.367261147071027949e+01
6.355857645910433007e+01
6.345969794128681940e+01
6.331549835512944924e+01
6.316503385027628781e+01
6.303751960950813782e+01
6.295688325508782412e+01
6.282307070659746984e+01
6.267829755018111371e+01
6.250396577563402900e+01
6.235095462559976198e+01
6.222343227018227907e+01
6.211132747961222123e+01
6.190059405600054276e+01
6.171212109157507797e+01
6.157919554120451266e+01
6.141959786643614905e+01
6.131081755598505367e+01
6.122786373737363164e+01
6.117420654632752530e+01
6.099485592701904579e+01
6.089571858034290841e+01
6.079730332475775612e+01
6.066703516674144225e+01
6.055796720985874515e+01
6.045835079932187028e+01
6.027762643612793880e+01
6.006330401740284231e+01
5.989975397537371293e+01
5.979023615837332528e+01
5.971057996772039189e+01
5.959984976721975869e+01
5.947887503975061207e+01
5.934930309210700017e+01
5.922173793733037428e+01
5.911536378953575621e+01
5.907628072798267738e+01
5.896956589308335595e+01
5.883064260067618534e+01
5.869783204117455000e+01
5.860921681902938474e+01
5.848531250023012262e+01
5.837303020895138417e+01
5.826183217101353051e+01
5.814502527881002436e+01
5.805063843458051309e+01
5.793448818003813727e+01
5.782367515908460831e+01
5.766975419247965817e+01
5.758347002218202704e+01
5.745777197335954156e+01
5.733634709076910241e+01
5.715414090544012993e+01
5.700803397526308203e+01
5.690947162885517940e+01
5.679234118344326987e+01
5.669462166816307302e+01
5.653647763320130082e+01
5.640492584001057708e+01
5.630019798503070660e+01
5.625464006364027370e+01
5.616381398374726786e+01
5.604440389888595320e+01
5.592574279492927758e+01
5.578224882670201623e+01
5.567518496914611603e+01
5.556651823096643028e+01
5.549052895829410659e+01
5.532498158311872771e+01
5.516087855132452944e+01
5.499734305197295470e+01
5.487776584167806249e+01
5.479795990933305916e+01
5.471679164442376475e+01
5.460009320569560032e+01
5.445407202262014579e+01
5.434445701208206003e+01
5.422662035898670041e+01
5.414560616258609116e+01
5.401101751917614280e+01
5.396409764012051369e+01
5.380474475533713274e+01
5.366308516048363941e+01
5.353549354366256807e+01
5.339320742849768919e+01
5.332154431388737237e+01
5.330399010782963387e+01
5.323297447075792377e+01
5.302564401153095730e+01
5.288531186084620828e+01
5.276496352831085090e+01
5.266039993359312632e+01
5.259026090367088102e+01
5.247195371982385836e+01
5.228827057067340434e+01
5.220129361765926035e+01
5.213622871028537276e+01
5.211842774019805802e+01
5.207597903110264781e+01
5.202405540705310472e+01
5.191548058072450544e+01
5.177179707692845056e+01
5.169130522319652954e+01
5.156627988228027704e+01
5.144118842530755842e+01
5.129341039306761729e+01
5.120919568195987637e+01
5.107682042413592427e+01
5.097094665257841939e+01
5.092564383714712761e+01
5.081885536819263649e+01
5.070847567237343156e+01
5.064243401522389121e+01
5.052415644624580437e+01
5.044226300374897676e+01
5.033680729294189860e+01
5.028603095963525504e+01
5.013952066074147496e+01
5.003919922599261128e+01
4.991260261437216883e+01
4.981639160133120470e+01
4.970779730460734669e+01
4.957607344149698747e+01
4.951351922143769002e+01
4.942467023233811574e+01
4.938088607532820618e+01
4.926213013579080524e+01
4.917868278502894697e+01
4.900588030525378969e+01
4.893054118904582594e+01
4.883934851199615679e+01
4.870851480286758317e+01
4.856840798998922537e+01
4.849530601735214930e+01
4.844580990243452590e+01
4.837652782927433748e+01
4.834888774279340140e+01
4.825578908299200265e+01
4.816131195951462729e+01
4.808284584236242409e+01
4.797135825526539321e+01
4.783069705378916581e+01
4.764130898053025476e+01
4.755806408747339731e+01
4.742452048261894504e+01
4.735073037145451735e+01
4.724135176411328274e+01
4.712939965265466213e+01
4.702563121952964309e+01
4.692059932910743214e+01
4.690404141623373846e+01
4.678311069949955225e+01
4.671910516335634611e+01
4.656396290468042309e+01
4.646601617616170188e+01
4.635415145843152374e+01
4.629345661524092748e+01
4.618019633167109816e+01
4.605063565773486545e+01
4.597103535191130419e+01
4.587125576592308818e+01
4.584010034322496807e+01
4.580424525786859391e+01
4.574494782803482451e+01
4.568287985611358692e+01
4.562993828021003395e+01
4.556363286403099977e+01
4.550160960127062282e+01
4.540835769535764399e+01
4.529569375314618895e+01
4.512309578999871462e+01
4.503465630612254955e+01
4.489053086648895174e+01
4.478719777742411168e+01
4.471077746217665094e+01
4.461821799899007601e+01
4.454383146452644837e+01
4.446072273881370762e+01
4.445089437524664078e+01
4.432645599537281811e+01
4.430168981007278717e+01
4.427208729916187480e+01
4.416289459142488028e+01
4.408333614008350310e+01
4.396178870435477393e+01
4.392284871450123518e+01
4.382526253562171803e+01
4.379148224429280845e+01
4.366059238173484403e+01
4.349248859547532220e+01
4.338756731815756496e+01
4.327861553812887507e+01
4.325203348363991296e+01
4.316872197604267569e+01
4.308245802400308122e+01
4.299157085550278623e+01
4.290867073541203780e+01
4.284337365797439645e+01
4.278619784097757872e+01
4.272997418366890088e+01
4.262904175222679015e+01
4.246953476076902234e+01
4.234240136116172692e+01
4.223391381483526885e+01
4.215966348484302983e+01
4.206426795654253681e+01
4.198672399169389990e+01
4.186419955369165535e+01
4.178911507057127039e+01
4.181676771897544853e+01
4.180886043432941790e+01
4.172789507704447232e+01
4.162014246005277585e+01
4.157034859457216669e+01
4.146705150200092049e+01
4.139489044862443734e+01
4.132579584898483205e+01
4.113902226056263345e+01
4.100954368252683935e+01
4.093610520041687550e+01
4.091586989329908164e+01
4.084070097897793516e+01
4.078458330929527165e+01
4.069923080494157830e+01
4.057443970273845935e+01
4.052952984775723877e+01
4.048428859567853522e+01
4.041580013377142677e+01
4.029699100710282522e+01
4.016990490091019694e+01
4.004486143034851864e+01
3.998352288100425511e+01
3.987528975373968620e+01
3.975579994899511149e+01
3.964965751750763445e+01
3.957792011805191379e+01
3.950956391093500741e+01
3.945928893166956186e+01
3.946898179791683248e+01
3.941593646708018639e+01
3.943299769882123229e+01
3.940184476307840100e+01
3.932300306819443136e+01
3.931123933978368967e+01
3.929051723147217956e+01
3.924973191742999035e+01
3.913732135587682137e+01
3.908509413753153439e+01
3.896627250956355226e+01
3.887635877435993592e+01
3.880651370643249720e+01
3.865302585204587160e+01
3.851878378824319071e+01
3.839099438913844864e+01
3.827615890847987146e+01
3.814352190858238600e+01
3.807146943002074835e+01
3.797272819258349585e+01
3.785484949933298537e+01
3.778686364450959445e+01
3.772896028277519065e+01
3.770710328784160481e+01
3.764251643163102301e+01
3.759684080876453294e+01
3.750260195681990183e+01
3.741733164010648238e+01
3.732678044102604531e+01
3.720517034167178139e+01
3.709535493692735031e+01
3.693468975622236172e+01
3.686596760373543447e+01
3.675272593933257781e+01
3.669593888155183237e+01
3.665531485103284837e+01
3.663622036152055017e+01
3.667498379069030534e+01
3.665909936257216373e+01
3.666635032488301960e+01
3.667952614366597430e+01
3.665535346045448506e+01
3.653322956745292771e+01
3.646564556117274236e+01
3.635110360163304932e+01
3.619732980642972109e+01
3.609376670928980957e+01
3.599694964505616213e+01
3.586500519366018125e+01
3.575075548743281217e+01
3.573249152298426878e+01
3.566944467045269818e+01
3.564305817523271003e+01
3.556283504815839080e+01
3.549664309431864950e+01
3.547231691014277288e+01
3.542460169106971080e+01
3.539825588704862014e+01
3.534739705202533600e+01
3.534939309386965078e+01
3.533431929706007679e+01
3.536577247868232377e+01
3.534725097447244480e+01
3.532261963811723859e+01
3.533819150634278117e+01
3.536151948433580827e+01
3.537775227733713734e+01
3.534322312510959563e+01
3.534842431617659742e+01
3.531267220643299254e+01
3.525483906499628262e+01
3.517058672492698435e+01
3.509506241518570846e+01
3.506402989053727737e+01
3.506093483913954856e+01
3.516656301884631119e+01
3.524138953209718039e+01
3.552220253770835967e+01
3.588944987436519085e+01
3.634084548473753529e+01
3.674242887838413196e+01
3.691322929507137474e+01
3.702202337509604035e+01
3.739886246798953096e+01
3.745973176202937793e+01
3.743800184466487480e+01
3.784875435593713888e+01
3.777098357366707404e+01
3.766912539198082044e+01
3.789329746444818880e+01
3.336902096617782121e+01
2.848132612406238451e+01
2.392700180290642820e+01
