2.127501475965554167e-02
2.254489374475910843e-02
2.616484077722611851e-02
4.916146660557774162e-02
7.215809243392937167e-02
9.515471826228089069e-02
1.322853649084361760e-01
1.817156350368315243e-01
2.311459051652269558e-01
2.805761752936223319e-01
3.300064907230544353e-01
3.794368079795701343e-01
4.288671252360858333e-01
4.733482923410612941e-01
5.100153366958601886e-01
5.466823810506590275e-01
5.833494254054578665e-01
6.079060731234897652e-01
6.297009318826867208e-01
6.514957906418835654e-01
6.732907231757523370e-01
6.950858882677315442e-01
7.168810533597107515e-01
7.386762184516899588e-01
7.577145112325429643e-01
7.753786962805436778e-01
7.930428813285442802e-01
8.101654847707941975e-01
8.220619419367778402e-01
8.339583991027614829e-01
8.458548562687452366e-01
8.577513563569484356e-01
8.696478959971429834e-01
8.815444356373374202e-01
8.934409752775318569e-01
9.024747176719514208e-01
9.113481297754764121e-01
9.202215418790012924e-01
9.276918792194297492e-01
9.328087206311683754e-01
9.379255620429068907e-01
9.430424034546455170e-01
9.481594051084507591e-01
9.532764468147009174e-01
9.583934885209510757e-01
9.632604445108516877e-01
9.672736749461132710e-01
9.712869053813748543e-01
9.753001358166363266e-01
9.783620463852986671e-01
9.809186526585342847e-01
9.834752589317697913e-01
9.860318661432374565e-01
9.885884841985030924e-01
9.911451022537686173e-01
9.937017203090342532e-01
9.956775552560446219e-01
9.970867567469594572e-01
9.984959582378742926e-01
9.999051597287891280e-01
9.999756811415881907e-01
9.999496075089996383e-01
9.999235338764109748e-01
9.998974771737839662e-01
9.998714506693157089e-01
9.998454241648474516e-01
9.998193976603793054e-01
9.995577756120480606e-01
9.992319200058557005e-01
9.989060643996634514e-01
9.985347173012657507e-01
9.979945819138312801e-01
9.974544465263968096e-01
9.969143111389623391e-01
9.963741004840411808e-01
9.958338472763055282e-01
9.952935940685698757e-01
9.947385470876439761e-01
9.939719728639144769e-01
9.932053986401849777e-01
9.924388244164554784e-01
9.915774345453596261e-01
9.906181063093617567e-01
9.896587780733638873e-01
9.886994498373661289e-01
9.877400133912989100e-01
9.867805673350001916e-01
9.858211212787013622e-01
9.848464662140822279e-01
9.838429318011875369e-01
9.828393973882929568e-01
9.818358629753982658e-01
9.809619950693266865e-01
9.801265313156626302e-01
9.792910675619984628e-01
9.784555851424534545e-01
9.776200271325483637e-01
9.767844691226432730e-01
9.759489111127380712e-01
9.751043387387500205e-01
9.742543477419849385e-01
9.734043567452198564e-01
9.725540912073064037e-01
9.716987276048206779e-01
9.708433640023348410e-01
9.699880003998491151e-01
9.691327718572042560e-01
9.682776910234404122e-01
9.674226101896765684e-01
9.665675293559128356e-01
9.657330725807470317e-01
9.649008017572369145e-01
9.640685309337267972e-01
9.632224983002283247e-01
9.623486133464415060e-01
9.614747283926545762e-01
9.606008434388677575e-01
9.597270298590939719e-01
9.588532391615476325e-01
9.579794484640012930e-01
9.570837226215535010e-01
9.560905681771679765e-01
9.550974137327824520e-01
9.541042592883969276e-01
9.530244943023004067e-01
9.518894253054835941e-01
9.507543563086668925e-01
9.496192786322535939e-01
9.484839739948351944e-01
9.473486693574167949e-01
9.462133647199983955e-01
9.450569321686510538e-01
9.438760310747852378e-01
9.426951299809194218e-01
9.415142288870536058e-01
9.402283850422604727e-01
9.389295576092264728e-01
9.376307301761924728e-01
9.363318654607774016e-01
9.350329202074423307e-01
9.337339749541073708e-01
9.324350297007722999e-01
9.311528652281422236e-01
9.298765061264894216e-01
9.286001470248365086e-01
9.273142938670450031e-01
9.259819229943453411e-01
9.246495521216455682e-01
9.233171812489457952e-01
9.219849157136917883e-01
9.206527215714435108e-01
9.193205274291952334e-01
9.179881274836455551e-01
9.166468140501077277e-01
9.153055006165700114e-01
9.139641871830322950e-01
9.126230536545510974e-01
9.112821408100364451e-01
9.099412279655219038e-01
9.086003151210072515e-01
9.072594229100020558e-01
9.059185336295476620e-01
9.045776443490932683e-01
9.032651650976415425e-01
9.020182964173031337e-01
9.007714277369647249e-01
8.995245590566262051e-01
8.983908827086811710e-01
8.972993483130461412e-01
8.962078139174110003e-01
8.951162722058447763e-01
8.940246906820895623e-01
8.929331091583342372e-01
8.918415276345791343e-01
8.907201842526936142e-01
8.895774451542884931e-01
8.884347060558833720e-01
8.872908149319047588e-01
8.860093070831026596e-01
8.847277992343004493e-01
8.834462913854983501e-01
8.821647886599371935e-01
8.808832925931651125e-01
8.796017965263929206e-01
8.783203004596207286e-01
8.773232614798197604e-01
8.763720039344333745e-01
8.754207463890469887e-01
8.745030194548064628e-01
8.736682272768572233e-01
8.728334350989079837e-01
8.719986429209587442e-01
8.711639938404989181e-01
8.703294019570613216e-01
8.694948100736236141e-01
8.686726882179015563e-01
8.679265558163776761e-01
8.671804234148537960e-01
8.664342910133299158e-01
8.657712830438727414e-01
8.651716248404248688e-01
8.645719666369768852e-01
8.639723084335289016e-01
8.633726150948080047e-01
8.627729215452696332e-01
8.621732279957313727e-01
8.614203408121087202e-01
8.604563940203157069e-01
8.594924472285226935e-01
8.585285004367296802e-01
8.573978678704222700e-01
8.562371493941002276e-01
8.550764309177781852e-01
8.539156737536262032e-01
8.527548138929430532e-01
8.515939540322599033e-01
8.504330941715767533e-01
8.492383292140893714e-01
8.480290452097373199e-01
8.468197612053853796e-01
8.456044701149016962e-01
8.443477752214684218e-01
8.430910803280352583e-01
8.418343854346020949e-01
8.405777231323894316e-01
8.393210871491068037e-01
8.380644511658241758e-01
8.368078151825415478e-01
8.356860670247246992e-01
8.345671040630406878e-01
8.334481411013567875e-01
8.324393239004224121e-01
8.315914536690734993e-01
8.307435834377246975e-01
8.298957132063758957e-01
8.290477252249985884e-01
8.281997136092887901e-01
8.273517019935788808e-01
8.264831638859135854e-01
8.255560123740907086e-01
8.246288608622679428e-01
8.237017093504450660e-01
8.228079903057519129e-01
8.219295810524104295e-01
8.210511717990690572e-01
8.201727784424943657e-01
8.192945105735138789e-01
8.184162427045333921e-01
8.175379748355530163e-01
8.166518327681635547e-01
8.157589551818718032e-01
8.148660775955801627e-01
8.139732000092884112e-01
8.130061763308886746e-01
8.120365034724721376e-01
8.110668306140554895e-01
8.100972639923817997e-01
8.091278621206572375e-01
8.081584602489325642e-01
8.071890583772078909e-01
8.062524475276330316e-01
8.053231045582135428e-01
8.043937615887941650e-01
8.034497802717397441e-01
8.024607141917953212e-01
8.014716481118507874e-01
8.004825820319063645e-01
7.994934842989736001e-01
7.985043710909087711e-01
7.975152578828440531e-01
7.965161593458760514e-01
7.954253318720464483e-01
7.943345043982167342e-01
7.932436769243871311e-01
7.920807169887749133e-01
7.908524167878581146e-01
7.896241165869414269e-01
7.883958163860246282e-01
7.871675386001185659e-01
7.859392619632619148e-01
7.847109853264052637e-01
7.834844578951090099e-01
7.822608115960775210e-01
7.810371652970460321e-01
7.798135189980146542e-01
7.785909909064172574e-01
7.773687348869364744e-01
7.761464788674555804e-01
7.749241929309056420e-01
7.737018073090941028e-01
7.724794216872824526e-01
7.712570360654708024e-01
7.700436813037236927e-01
7.688350335289965143e-01
7.676263857542692248e-01
7.664199266566290580e-01
7.652373642965205613e-01
7.640548019364121757e-01
7.628722395763036790e-01
7.616897072861544826e-01
7.605072038361966325e-01
7.593247003862387823e-01
7.581421969362810431e-01
7.570202778302954627e-01
7.559024341614699605e-01
7.547845904926446803e-01
7.536802891026890272e-01
7.525997002130073721e-01
7.515191113233258280e-01
7.504385224336441729e-01
7.493579335439625178e-01
7.482773446542806406e-01
7.471967557645987634e-01
7.460986702145694371e-01
7.449372919445624852e-01
7.437759136745557553e-01
7.426145354045488034e-01
7.413947075477991255e-01
7.401424426976797033e-01
7.388901778475601700e-01
7.376379154588756926e-01
7.363856859548465472e-01
7.351334564508176239e-01
7.338812269467884786e-01
7.327385555995670208e-01
7.317071331214498597e-01
7.306757106433325877e-01
7.296442881652153156e-01
7.287441153409456307e-01
7.278549373121023791e-01
7.269657592832590165e-01
7.260765071891576161e-01
7.251871170837723701e-01
7.242977269783871241e-01
7.234083368730019892e-01
7.225416509399712472e-01
7.216815273973292699e-01
7.208214038546871816e-01
7.199645100431191214e-01
7.191203511512486157e-01
7.182761922593778880e-01
7.174320333675072714e-01
7.165879782015641686e-01
7.157439842581149181e-01
7.148999903146656676e-01
7.140516377256564962e-01
7.131289280391777119e-01
7.122062183526988166e-01
7.112835086662200323e-01
7.103437371197016681e-01
7.093856224328028981e-01
7.084275077459042391e-01
7.074693930590054691e-01
7.065113639981317473e-01
7.055533435674737897e-01
7.045953231368159431e-01
7.036347807952371136e-01
7.026692316473517330e-01
7.017036824994664634e-01
7.007381333515811939e-01
6.997950323526409555e-01
6.988589618440401718e-01
6.979228913354393882e-01
6.969868252578013124e-01
6.960507783132606763e-01
6.951147313687201512e-01
6.941786844241795151e-01
6.932241152299902787e-01
6.922579298524801361e-01
6.912917444749699936e-01
6.903263243074097000e-01
6.893787545374414627e-01
6.884311847674732254e-01
6.874836149975048771e-01
6.865360176788388724e-01
6.855883889987200996e-01
6.846407603186013269e-01
6.836931316384826651e-01
6.827537625308618408e-01
6.818153709623333558e-01
6.808769793938048709e-01
6.799894851411774077e-01
6.792097975179581804e-01
6.784301098947387310e-01
6.776504222715195036e-01
6.768706466083217466e-01
6.760908411648013372e-01
6.753110357212810388e-01
6.745175741385370793e-01
6.736591825543182255e-01
6.728007909700991496e-01
6.719423993858802957e-01
6.710459064845577526e-01
6.701240451042451696e-01
6.692021837239328086e-01
6.682803226598462709e-01
6.673584730615639282e-01
6.664366234632814745e-01
6.655147738649990208e-01
6.646174531485751213e-01
6.637497066324647976e-01
6.628819601163546960e-01
6.620142136002443722e-01
6.611088553000773471e-01
6.601983635788014615e-01
6.592878718575255759e-01
6.583773404209227742e-01
6.574667190973159103e-01
6.565560977737091575e-01
6.556454764501022936e-01
6.547464704304610805e-01
6.538516959373249504e-01
6.529569214441888203e-01
6.520583018764639638e-01
6.511394213497642136e-01
6.502205408230644634e-01
6.493016602963646022e-01
6.483826969127542972e-01
6.474636750016935505e-01
6.465446530906326927e-01
6.456247186253980530e-01
6.446331194089841565e-01
6.436415201925703711e-01
6.426499209761564746e-01
6.416182990116608975e-01
6.405355540104730183e-01
6.394528090092850281e-01
6.383700640080971489e-01
6.372872068179000760e-01
6.362043322143808854e-01
6.351214576108619170e-01
6.340402388018310242e-01
6.329630313547852660e-01
6.318858239077392858e-01
6.308086164606934165e-01
6.297396651475439810e-01
6.286739451798357692e-01
6.276082252121275573e-01
6.265424864209002687e-01
6.254766368508609675e-01
6.244107872808215554e-01
6.233449377107822542e-01
6.223236646097424218e-01
6.213357767328069325e-01
6.203478888558715543e-01
6.193600009789360650e-01
6.184473787025328573e-01
6.175348840361416514e-01
6.166223893697505565e-01
6.157098746814104739e-01
6.147973328868989729e-01
6.138847910923875828e-01
6.129722492978760817e-01
6.120804815319071945e-01
6.111923403217115469e-01
6.103041991115158993e-01
6.094137167653147502e-01
6.085171514036049611e-01
6.076205860418952831e-01
6.067240206801854940e-01
6.058274221194934750e-01
6.049308096296633908e-01
6.040341971398331955e-01
6.031407573559376400e-01
6.022683687199720248e-01
6.013959800840065206e-01
6.005235914480407944e-01
5.996444371804805495e-01
5.987599130535224967e-01
5.978753889265644439e-01
5.969908647996063911e-01
5.961063058906368450e-01
5.952217464175885153e-01
5.943371869445402966e-01
5.934532031224706294e-01
5.925700457110030239e-01
5.916868882995354184e-01
5.908037308880678129e-01
5.899412854251352423e-01
5.890828702768560188e-01
5.882244551285769063e-01
5.873660120242096827e-01
5.865074908376599616e-01
5.856489696511100185e-01
5.847904484645601864e-01
5.839492395852455831e-01
5.831158023407565505e-01
5.822823650962676290e-01
5.814549987452904967e-01
5.806735791636479238e-01
5.798921595820052399e-01
5.791107400003625560e-01
5.783293332197005920e-01
5.775479372021180557e-01
5.767665411845356305e-01
5.759851451669530942e-01
5.752486073102148767e-01
5.745134675427648885e-01
5.737783277753147892e-01
5.730666326590163617e-01
5.723906504646467663e-01
5.717146682702772820e-01
5.710386860759076866e-01
5.703627426605324402e-01
5.696868075942834730e-01
5.690108725280345059e-01
5.683297163729524870e-01
5.676328446392338023e-01
5.669359729055153396e-01
5.662391011717966549e-01
5.655247254950359626e-01
5.648019568591802209e-01
5.640791882233243681e-01
5.633564388990962568e-01
5.626338587757218068e-01
5.619112786523474679e-01
5.611886985289730179e-01
5.603920026313023994e-01
5.595293106061006716e-01
5.586666185808989438e-01
5.578039265556973270e-01
5.568388557732376620e-01
5.558690179663996478e-01
5.548991801595617446e-01
5.539292973403737719e-01
5.529593417132350197e-01
5.519893860860960455e-01
5.510194304589572933e-01
5.501435887499431798e-01
5.492900277980610202e-01
5.484364668461788606e-01
5.476252878706897587e-01
5.469519919791807627e-01
5.462786960876717668e-01
5.456054001961627709e-01
5.449322134415596208e-01
5.442590824984718800e-01
5.435859515553842503e-01
5.429119084645632753e-01
5.422284328990568669e-01
5.415449573335503475e-01
5.408614817680437170e-01
5.401719054945162135e-01
5.394765772067393605e-01
5.387812489189626186e-01
5.380859206311857657e-01
5.373905812536573512e-01
5.366952411838505910e-01
5.359999011140436087e-01
5.353021301465781256e-01
5.346001803578909195e-01
5.338982305692037134e-01
5.331962807805163962e-01
5.324701297030164371e-01
5.317377115845171032e-01
5.310052934660176582e-01
5.302728467257413758e-01
5.295402990049109526e-01
5.288077512840807515e-01
5.280752035632503283e-01
5.273249221160792866e-01
5.265649811752902698e-01
5.258050402345011420e-01
5.250397089888313440e-01
5.242068372817868527e-01
5.233739655747423614e-01
5.225410938676979811e-01
5.217082162644154364e-01
5.208753327753407047e-01
5.200424492862658621e-01
5.192095657971912415e-01
5.183854851720818280e-01
5.175620979992595627e-01
5.167387108264371864e-01
5.159087636733811211e-01
5.150668198031675971e-01
5.142248759329538510e-01
5.133829320627403270e-01
5.125411352404669607e-01
5.116993798827348394e-01
5.108576245250026071e-01
5.100180767106095026e-01
5.091870076541686885e-01
5.083559385977277634e-01
5.075248695412869493e-01
5.067134931030758960e-01
5.059135286060720826e-01
5.051135641090681583e-01
5.043136010175132133e-01
5.035136600845695476e-01
5.027137191516256598e-01
5.019137782186819940e-01
5.011094036946156516e-01
5.003003434703823249e-01
4.994912832461492203e-01
4.986822230219159491e-01
4.978897448232225686e-01
4.970988524893877880e-01
4.963079601555531184e-01
4.955170878066318951e-01
4.947262543829475390e-01
4.939354209592632383e-01
4.931445875355788266e-01
4.923616848121983858e-01
4.915812077929628821e-01
4.908007307737274338e-01
4.900156224357014589e-01
4.892110629469624827e-01
4.884065034582236731e-01
4.876019439694846969e-01
4.867973698982638320e-01
4.859927868454647082e-01
4.851882037926655844e-01
4.843877230353451080e-01
4.836735434994247074e-01
4.829593639635044178e-01
4.822451844275840172e-01
4.815405848919521725e-01
4.808467057938763389e-01
4.801528266958005053e-01
4.794589475977246718e-01
4.787649732301554883e-01
4.780709880938089906e-01
4.773770029574623819e-01
4.766797479416844396e-01
4.759757009516412674e-01
4.752716539615979841e-01
4.745676069715547563e-01
4.738699705150453689e-01
4.731744537147871688e-01
4.724789369145289131e-01
4.717834117233608016e-01
4.710878477949823062e-01
4.703922838666036998e-01
4.696967199382252045e-01
4.689800572190980232e-01
4.682495949175935479e-01
4.675191326160891281e-01
4.667901534012441345e-01
4.661073611934828942e-01
4.654245689857215984e-01
4.647417767779603581e-01
4.640589414343131991e-01
4.633760549703111464e-01
4.626931685063091493e-01
4.620102820423070411e-01
4.613541266656458473e-01
4.607014728908541135e-01
4.600488191160623797e-01
4.594214213007811742e-01
4.588500517515786137e-01
4.582786822023761086e-01
4.577073126531734926e-01
